1000,1, 46,
1000,2, 33, 38,
1000,4, 37, 38, 38, 43,
1000,6, 61, 63, 63, 63, 64, 67,
1000,8, 68, 69, 70, 71, 71, 73, 73, 76,
1000,10, 55, 59, 60, 59, 60, 62, 63, 63, 63, 66,
1000,12, 77, 78, 79, 65, 80, 83, 83, 83, 80, 83, 87, 89,
1000,14, 84, 88, 88, 75, 89, 89, 90, 87, 90, 91, 91, 89, 92, 94,
1000,16, 83, 83, 83, 84, 84, 85, 84, 80, 84, 86, 86, 82, 86, 90, 90, 97,
1000,18, 49, 20, 54, 55, 56, 58, 54, 25, 55, 59, 59, 60, 60, 60, 40, 65, 65, 66,
1000,20, 90, 92, 92, 93, 89, 79, 95, 91, 79, 91, 80, 96, 74, 97, 93, 93, 97, 100, 94, 92,
1000,22, 66, 67, 68, 66, 68, 69, 68, 70, 71, 73, 71, 72, 72, 73, 74, 73, 68, 73, 73, 73, 75, 75,
1000,24, 113, 128, 131, 140, 144, 148, 142, 159, 163, 170, 175, 138, 184, 190, 143, 188, 188, 176, 188, 188, 188, 189, 189, 191,
1000,26, 47, 99, 102, 98, 102, 101, 94, 103, 103, 101, 84, 102, 51, 103, 87, 3, 63, 58, 104, 104, 103, 105, 106, 41, 1, 1,
1000,28, 98, 102, 108, 85, 118, 127, 126, 131, 133, 135, 142, 143, 115, 161, 162, 162, 163, 167, 165, 170, 172, 175, 172, 146, 28, 176, 28, 41,
1000,30, 98, 98, 97, 100, 101, 100, 49, 103, 103, 101, 104, 104, 81, 7, 15, 107, 107, 1, 109, 112, 113, 113, 22, 113, 113, 112, 60, 112, 113, 1,
1000,32, 121, 123, 125, 123, 125, 125, 124, 125, 125, 123, 125, 124, 124, 124, 125, 126, 125, 119, 122, 128, 127, 128, 128, 129, 127, 123, 126, 128, 127, 128, 128, 132,
5000,1, 463,
5000,2, 220, 329,
5000,4, 167, 168, 168, 296,
5000,6, 166, 168, 169, 174, 175, 311,
5000,8, 234, 234, 235, 238, 239, 241, 245, 379,
5000,10, 171, 172, 172, 191, 196, 200, 202, 207, 207, 280,
5000,12, 231, 234, 237, 238, 242, 243, 246, 247, 248, 253, 290, 335,
5000,14, 145, 202, 211, 222, 258, 261, 262, 270, 268, 276, 279, 282, 303, 343,
5000,16, 129, 140, 148, 151, 152, 157, 157, 163, 163, 166, 167, 167, 169, 172, 237, 244,
5000,18, 207, 238, 220, 251, 234, 253, 225, 254, 256, 240, 259, 254, 242, 259, 242, 235, 357, 372,
5000,20, 200, 211, 199, 221, 219, 223, 232, 218, 225, 234, 220, 225, 224, 237, 225, 239, 235, 241, 312, 325,
5000,22, 253, 249, 254, 276, 305, 325, 323, 321, 330, 337, 341, 341, 338, 338, 344, 344, 346, 349, 348, 379, 396, 415,
5000,24, 351, 400, 431, 433, 434, 435, 435, 435, 437, 438, 437, 439, 440, 439, 440, 442, 441, 442, 443, 442, 443, 456, 471, 478,
5000,26, 204, 229, 248, 269, 273, 275, 252, 284, 288, 290, 294, 311, 311, 312, 312, 313, 315, 302, 297, 300, 304, 310, 321, 358, 395, 403,
5000,28, 173, 112, 212, 204, 238, 245, 137, 257, 261, 264, 265, 266, 184, 199, 239, 229, 277, 154, 278, 283, 283, 143, 86, 156, 42, 308, 322, 329,
5000,30, 251, 256, 259, 213, 126, 265, 291, 298, 178, 299, 273, 303, 205, 162, 251, 331, 338, 195, 346, 346, 347, 308, 234, 349, 350, 355, 362, 374, 380, 387,
5000,32, 138, 147, 157, 158, 156, 158, 159, 160, 161, 162, 164, 164, 169, 169, 169, 172, 174, 176, 176, 178, 177, 180, 179, 182, 185, 186, 188, 190, 214, 236, 244, 260,
10000,1, 3241,
10000,2, 1829, 2221,
10000,4, 1052, 1058, 1059, 1689,
10000,6, 847, 850, 856, 857, 931, 1524,
10000,8, 668, 690, 694, 698, 729, 741, 822, 1469,
10000,10, 884, 926, 942, 965, 988, 990, 1001, 1010, 1032, 1466,
10000,12, 1277, 1350, 1383, 1393, 1393, 1399, 1407, 1425, 1438, 1443, 1513, 1828,
10000,14, 868, 1016, 1017, 1017, 1091, 1093, 1110, 1126, 1137, 1141, 1146, 1207, 1262, 1522,
10000,16, 698, 745, 757, 769, 788, 810, 816, 816, 817, 830, 840, 840, 842, 862, 1111, 1228,
10000,18, 1043, 1023, 1052, 1057, 1030, 1075, 1091, 1100, 1089, 1114, 1122, 1141, 1147, 1150, 1165, 1191, 1515, 1569,
10000,20, 440, 646, 655, 641, 654, 664, 668, 675, 695, 708, 715, 721, 729, 769, 768, 758, 778, 785, 1035, 1102,
10000,22, 2857, 2904, 2972, 3044, 3050, 3059, 3061, 3064, 3083, 3095, 3116, 3140, 3155, 3160, 3174, 3166, 3184, 3185, 3188, 3200, 3285, 3288,
10000,24, 2331, 2440, 2497, 2476, 2510, 2503, 2515, 2543, 2544, 2526, 2546, 2521, 2545, 2540, 2540, 2558, 2546, 2548, 2555, 2538, 2548, 2601, 2690, 2730,
10000,26, 1477, 1508, 1566, 1532, 1574, 1575, 1569, 1588, 1608, 1611, 1603, 1572, 1612, 1604, 1596, 1619, 1614, 1620, 1607, 1622, 1623, 1625, 1610, 1767, 1861, 1927,
10000,28, 1023, 1046, 1051, 1054, 1069, 1071, 1112, 1113, 1128, 1129, 1092, 1144, 1152, 1150, 1173, 1183, 1184, 1185, 1190, 1187, 1189, 1197, 1203, 1208, 1177, 1538, 1581, 1638,
10000,30, 1772, 1805, 1780, 1775, 1832, 1868, 1855, 1846, 1895, 1875, 1866, 1871, 1894, 1925, 1922, 1892, 1901, 1937, 1939, 1906, 1938, 1919, 1942, 1926, 1916, 1952, 1957, 2030, 2022, 2063,
10000,32, 2100, 2122, 2066, 2123, 2114, 2140, 2119, 2176, 2186, 2186, 2156, 2194, 2147, 2106, 2135, 2204, 2180, 2186, 2212, 2216, 2218, 2180, 2159, 2206, 2175, 2213, 2165, 2239, 2183, 2304, 2307, 2358,
15000,1, 7181,
15000,2, 3174, 4107,
15000,4, 2209, 2212, 2217, 3274,
15000,6, 1664, 1675, 1696, 1799, 1842, 3424,
15000,8, 1610, 1637, 1680, 1722, 1730, 1731, 1738, 3422,
15000,10, 1405, 1445, 1590, 1595, 1666, 1671, 1675, 1704, 1712, 3480,
15000,12, 1693, 1695, 1894, 2000, 2009, 2021, 2024, 2037, 2055, 2102, 2225, 3211,
15000,14, 1652, 1751, 1780, 1848, 1879, 1925, 1991, 2008, 2016, 2002, 2024, 2027, 2428, 2963,
15000,16, 1550, 2226, 2418, 2504, 2501, 2567, 2578, 2635, 2659, 2675, 2684, 2684, 2697, 2716, 3227, 3737,
15000,18, 1244, 1252, 1269, 1290, 1398, 1429, 1399, 1456, 1430, 1467, 1429, 1440, 1480, 1464, 1531, 1547, 2110, 2198,
15000,20, 1915, 1932, 1944, 1972, 1987, 2047, 2067, 2082, 2097, 2087, 2104, 2108, 2106, 2111, 2120, 2126, 2134, 2139, 2665, 2736,
15000,22, 1829, 2009, 2070, 2211, 2221, 2242, 2248, 2256, 2309, 2336, 2339, 2341, 2305, 2322, 2348, 2349, 2356, 2357, 2351, 2377, 2853, 2876,
15000,24, 3662, 3686, 3809, 3825, 3810, 3879, 3949, 3944, 4030, 4050, 4069, 4097, 4089, 4097, 4124, 4111, 4137, 4155, 4158, 4160, 4159, 4247, 4452, 4491,
15000,26, 1946, 2117, 2042, 2121, 1929, 2151, 2115, 2137, 2166, 1994, 2069, 2209, 2170, 2231, 2243, 2214, 2254, 2187, 2262, 2176, 2269, 2276, 2094, 2467, 2611, 2666,
15000,28, 1531, 1714, 1784, 1781, 1775, 1866, 1844, 1885, 1896, 1869, 1920, 1900, 1934, 1880, 1931, 1966, 1921, 1970, 1934, 1956, 1959, 1996, 1996, 2009, 1990, 2296, 2382, 2515,
15000,30, 2466, 2515, 2596, 2524, 2614, 2540, 2541, 2624, 2545, 2765, 2753, 2754, 2756, 2694, 2776, 2787, 2714, 2715, 2799, 2782, 2788, 2783, 2794, 2820, 2804, 2750, 2834, 3102, 3148, 3227,
15000,32, 1827, 1845, 1888, 1893, 1986, 1995, 2058, 2027, 2059, 2096, 2068, 2076, 2091, 2125, 2139, 2129, 2100, 2090, 2106, 2127, 2123, 2174, 2175, 2131, 2139, 2189, 2191, 2179, 2209, 2525, 2577, 2627,
20000,1, 16617,
20000,2, 7824, 9793,
20000,4, 4421, 4426, 4427, 6642,
20000,6, 3923, 3952, 4012, 4058, 4159, 6060,
20000,8, 3917, 4069, 4095, 4150, 4156, 4287, 4304, 6221,
20000,10, 3398, 3699, 3723, 3812, 3869, 3881, 3951, 3960, 4091, 6286,
20000,12, 5212, 5217, 5357, 5393, 5439, 5465, 5471, 5527, 5538, 5547, 5787, 7249,
20000,14, 3651, 3658, 3727, 3745, 3782, 3882, 3889, 3901, 3954, 3977, 4116, 4193, 4436, 5690,
20000,16, 3176, 3207, 3270, 3279, 3323, 3513, 3545, 3567, 3573, 3581, 3582, 3609, 3615, 3630, 4424, 5198,
20000,18, 2760, 2804, 3113, 3163, 3206, 3275, 3497, 3602, 3673, 3702, 3725, 3747, 3761, 3798, 3798, 3836, 4924, 5410,
20000,20, 3008, 3016, 3036, 3182, 3208, 3258, 3293, 3336, 3325, 3381, 3384, 3387, 3390, 3406, 3438, 3466, 3436, 3497, 4561, 4836,
20000,22, 2968, 3219, 3304, 3325, 3318, 3333, 3336, 3398, 3390, 3403, 3434, 3498, 3564, 3568, 3545, 3618, 3621, 3643, 3648, 3778, 5190, 5242,
20000,24, 2921, 3066, 3195, 3226, 3241, 3243, 3277, 3300, 3261, 3316, 3344, 3331, 3292, 3369, 3395, 3356, 3427, 3403, 3451, 3481, 3524, 3606, 4465, 4784,
20000,26, 2628, 2918, 2982, 3120, 3152, 3114, 3159, 3159, 3141, 3157, 3180, 3194, 3193, 3203, 3227, 3193, 3240, 3243, 3232, 3249, 3299, 3315, 3316, 3775, 4412, 4619,
20000,28, 7051, 7220, 7557, 7707, 7691, 7756, 7778, 7819, 7843, 7844, 7834, 7849, 7862, 7860, 7899, 7923, 7945, 7946, 7923, 7927, 7950, 7960, 7967, 7957, 7991, 8505, 8917, 9004,
20000,30, 6315, 6333, 6361, 6375, 6383, 6449, 6462, 6472, 6496, 6500, 6506, 6514, 6515, 6536, 6542, 6570, 6574, 6578, 6580, 6605, 6606, 6626, 6626, 6627, 6630, 6641, 6648, 7145, 7343, 7433,
20000,32, 3029, 3253, 3271, 3271, 3168, 3100, 3313, 3257, 3345, 3209, 3358, 3367, 3368, 3385, 3337, 3426, 3270, 3412, 3439, 3479, 3386, 3229, 3496, 3390, 3472, 3517, 3249, 3530, 3290, 4405, 4456, 4856,
25000,1, 24138,
25000,2, 11142, 14470,
25000,4, 6132, 6231, 6241, 9541,
25000,6, 4704, 4722, 4725, 4851, 5254, 8318,
25000,8, 4412, 4477, 4622, 4636, 4737, 4903, 5222, 8752,
25000,10, 4797, 4831, 5001, 5083, 5140, 5190, 5353, 5434, 5532, 9075,
25000,12, 4230, 4294, 4422, 4770, 4800, 4826, 4840, 4889, 4994, 5096, 5363, 8227,
25000,14, 3580, 3797, 4416, 4648, 4682, 4734, 4760, 4774, 4783, 4920, 4938, 4959, 5550, 7782,
25000,16, 4464, 4932, 5037, 5134, 5162, 5240, 5293, 5354, 5401, 5468, 5480, 5511, 5557, 5580, 6423, 8080,
25000,18, 5058, 5257, 5292, 5354, 5361, 5345, 5316, 5429, 5337, 5440, 5462, 5439, 5378, 5487, 5430, 5525, 6704, 7551,
25000,20, 5323, 5424, 5625, 5741, 5716, 5780, 5848, 5863, 5876, 5923, 5957, 6000, 5949, 6004, 6023, 6035, 6034, 6074, 8036, 8258,
25000,22, 4286, 4502, 4547, 4707, 4765, 4959, 5016, 5053, 5017, 5090, 5095, 5096, 5101, 5105, 5108, 5106, 5062, 5133, 5142, 5167, 6706, 6718,
25000,24, 3817, 4357, 4456, 4514, 4520, 4690, 4777, 4939, 5013, 5039, 5098, 5133, 5142, 5148, 5149, 5154, 5165, 5184, 5192, 5201, 5243, 5511, 6610, 6658,
25000,26, 4035, 4328, 4265, 4377, 4289, 4461, 4532, 4621, 4649, 4496, 4658, 4639, 4702, 4727, 4805, 4753, 4858, 4836, 4915, 4937, 4917, 4966, 4805, 5306, 6276, 6376,
25000,28, 3455, 3438, 3605, 3894, 3854, 3954, 4259, 4247, 4235, 4079, 4298, 4369, 4432, 4245, 4484, 4350, 4370, 4461, 4448, 4507, 4412, 4354, 4414, 4531, 4503, 5087, 5456, 5938,
25000,30, 4516, 4655, 4798, 4829, 4941, 5022, 4929, 5059, 5002, 5173, 5259, 5224, 5201, 5329, 5233, 5380, 5401, 5398, 5393, 5332, 5446, 5333, 5459, 5379, 5393, 5400, 5498, 6448, 6795, 7064,
25000,32, 4291, 4475, 4562, 4738, 4769, 4747, 4897, 4854, 4995, 4961, 4976, 5040, 5072, 4981, 5096, 5128, 5133, 5057, 5028, 5143, 5046, 5073, 5194, 5100, 5211, 5175, 5213, 5109, 5222, 6028, 6136, 6552,
30000,1, 38105,
30000,2, 18392, 23646,
30000,4, 9340, 9359, 9427, 14522,
30000,6, 7168, 7189, 7189, 7275, 7470, 12323,
30000,8, 6411, 6511, 6555, 6627, 6788, 6792, 7170, 11842,
30000,10, 5633, 5767, 6246, 6277, 6291, 6346, 6394, 6462, 6521, 11529,
30000,12, 5968, 6019, 6086, 6104, 6345, 6478, 6589, 6659, 6681, 6744, 7014, 11098,
30000,14, 7114, 7260, 7267, 7482, 7601, 7614, 7621, 7673, 7773, 7923, 7991, 7993, 8299, 12005,
30000,16, 7383, 7454, 6953, 7605, 7037, 7090, 7099, 7725, 7189, 7788, 7824, 7251, 7263, 7849, 8900, 11465,
30000,18, 6888, 7087, 7105, 7086, 7345, 7381, 7421, 7502, 7499, 7510, 7525, 7537, 7515, 7533, 7554, 7616, 9446, 10920,
30000,20, 7947, 7963, 8025, 8064, 8090, 8119, 8159, 8187, 8194, 8210, 8215, 8253, 8264, 8270, 8296, 8301, 8313, 8325, 10336, 11090,
30000,22, 8055, 8524, 8629, 8750, 9426, 9023, 8989, 9133, 9198, 9164, 9731, 9292, 9305, 9355, 9321, 9327, 9342, 9432, 9457, 9949, 11955, 12279,
30000,24, 7310, 7385, 7468, 7527, 7551, 7525, 7602, 7616, 7572, 7631, 7649, 7727, 7752, 7778, 7812, 7825, 7785, 7794, 7878, 7890, 7902, 8003, 10071, 10086,
30000,26, 6693, 6740, 7148, 7240, 7371, 7333, 7500, 7459, 7411, 7469, 7614, 7640, 7591, 7667, 7686, 7834, 7843, 7697, 7866, 7660, 7873, 7842, 7896, 8506, 9930, 10254,
30000,28, 7398, 7644, 7700, 7721, 7749, 7768, 7739, 7875, 7743, 8126, 8185, 8258, 8296, 8283, 8211, 8435, 8504, 8380, 8392, 8369, 8479, 8561, 8525, 8512, 8642, 9294, 10388, 10651,
30000,30, 10058, 10180, 10390, 10410, 10780, 10786, 10858, 10857, 11047, 11125, 11120, 11109, 11163, 11257, 11256, 11295, 11292, 11298, 11337, 11359, 11329, 11385, 11353, 11370, 11376, 11396, 11462, 12282, 12945, 13154,
30000,32, 8517, 8752, 8877, 8994, 9088, 9197, 9351, 9285, 9415, 9394, 9403, 9535, 9572, 9578, 9554, 9422, 9492, 9508, 9533, 9724, 9613, 9729, 9736, 9793, 9636, 9727, 9685, 9680, 9746, 11096, 11244, 11817,
35000,1, 74061,
35000,2, 35209, 42132,
35000,4, 17273, 17404, 17554, 24665,
35000,6, 13228, 13700, 13810, 14078, 14152, 21717,
35000,8, 10012, 10247, 10489, 10496, 10532, 10572, 10619, 17933,
35000,10, 11337, 11616, 11670, 11887, 12138, 12238, 12250, 12278, 12404, 19539,
35000,12, 9103, 9412, 9720, 9770, 9857, 9864, 9977, 10045, 10193, 10454, 10558, 17079,
35000,14, 10677, 10886, 10901, 10903, 11009, 11103, 11246, 11366, 11457, 11497, 11519, 11674, 13157, 17604,
35000,16, 9882, 10260, 10429, 10510, 10541, 10575, 10585, 10594, 10679, 10705, 10758, 10787, 10901, 11005, 12162, 16459,
35000,18, 9426, 9576, 9975, 10413, 10414, 10494, 10515, 10534, 10639, 10671, 10676, 10718, 10731, 10804, 10813, 10849, 13438, 15690,
35000,20, 9567, 10202, 10448, 10457, 10385, 10521, 10634, 10686, 10704, 10717, 10659, 10789, 10821, 10835, 10907, 10881, 10980, 10976, 14148, 15227,
35000,22, 10673, 10781, 10802, 11155, 11166, 11231, 11246, 11292, 11398, 11421, 11536, 11560, 11614, 11628, 11703, 11705, 11773, 11764, 11700, 11792, 15410, 15653,
35000,24, 11762, 11988, 12011, 12073, 12071, 12223, 12252, 12278, 12387, 12442, 12439, 12540, 12523, 12620, 12633, 12650, 12672, 12711, 12700, 12679, 12788, 12925, 16066, 16222,
35000,26, 13934, 14692, 15041, 15051, 15112, 15151, 15230, 15320, 15360, 15369, 15350, 15463, 15475, 15483, 15464, 15470, 15527, 15509, 15587, 15553, 15653, 15635, 15698, 15896, 18618, 18709,
35000,28, 11082, 11130, 11202, 11327, 11429, 11466, 11493, 11534, 11568, 11619, 11621, 11655, 11664, 11663, 11668, 11676, 11705, 11772, 11784, 11805, 11812, 11812, 11862, 11913, 11917, 13225, 15141, 15692,
35000,30, 10153, 11159, 11173, 11656, 11712, 11773, 11733, 11802, 11962, 11992, 12154, 12151, 12059, 12193, 12154, 12285, 12158, 12341, 12354, 12344, 12386, 12433, 12396, 12467, 12393, 12537, 12468, 13732, 15105, 15750,
35000,32, 11340, 11974, 12058, 11983, 12064, 12083, 12331, 12209, 12176, 12373, 12137, 12379, 12148, 12441, 12426, 12452, 12302, 12507, 12420, 12457, 12673, 12636, 12676, 12694, 12650, 12581, 12694, 12632, 12668, 14983, 15329, 16233,
40000,1, 98179,
40000,2, 45763, 55599,
40000,4, 23864, 24011, 24106, 34107,
40000,6, 16336, 16346, 16578, 16639, 16649, 26720,
40000,8, 13990, 14008, 14082, 14150, 14158, 14164, 14352, 24714,
40000,10, 11805, 12885, 12595, 12629, 12717, 12980, 13109, 13567, 14176, 23201,
40000,12, 14161, 14408, 14474, 14741, 14765, 14926, 14978, 15019, 15171, 15254, 15393, 24197,
40000,14, 14685, 15358, 15418, 15524, 15539, 15572, 15587, 15680, 15788, 15803, 15914, 16012, 17483, 24779,
40000,16, 12624, 12754, 12836, 12987, 13047, 13194, 13230, 13355, 13408, 13440, 13611, 13656, 13732, 13841, 15868, 21187,
40000,18, 13566, 13876, 14203, 14238, 14244, 14333, 14670, 14785, 14858, 14836, 14837, 14898, 15070, 15037, 15179, 15589, 18101, 22088,
40000,20, 13739, 14289, 14591, 14606, 14643, 14763, 14777, 14888, 15023, 15030, 15180, 15280, 15332, 15365, 15406, 15497, 15581, 15688, 19721, 21459,
40000,22, 14318, 14315, 14439, 14708, 14897, 14930, 14947, 15009, 15032, 14995, 15090, 15001, 15114, 15045, 15260, 15259, 15296, 15252, 15209, 15408, 19634, 20329,
40000,24, 13906, 14042, 14362, 14262, 14718, 14866, 14909, 14991, 14997, 15052, 14984, 15132, 15146, 15113, 15078, 15262, 15302, 15276, 15307, 15406, 15351, 15959, 19715, 20184,
40000,26, 11833, 13099, 13180, 12530, 12670, 12856, 12907, 13185, 13206, 14079, 13327, 13364, 14262, 13501, 13523, 14387, 14513, 13733, 13740, 13742, 13754, 13850, 13890, 15490, 18078, 19047,
40000,28, 14891, 15230, 15306, 15363, 15479, 15496, 15573, 15666, 15799, 15878, 15966, 16159, 16201, 16165, 16161, 16269, 16240, 16246, 16306, 16328, 16285, 16356, 16359, 16453, 16416, 17760, 20118, 20931,
40000,30, 14348, 14553, 14578, 14587, 14948, 14904, 14785, 14945, 15057, 15085, 15025, 14969, 15139, 15084, 15032, 15330, 15369, 15442, 15420, 15305, 15478, 15443, 15502, 15526, 15429, 15575, 15520, 17503, 19037, 19910,
40000,32, 13299, 14191, 14717, 14968, 15035, 15199, 15611, 15741, 15697, 15835, 15625, 15968, 15868, 15997, 15863, 15877, 16089, 16046, 16130, 15930, 16154, 16164, 16018, 16227, 16214, 16296, 16298, 16319, 16241, 18488, 19200, 20460,
45000,1, 129799,
45000,2, 60312, 72931,
45000,4, 31368, 31425, 31589, 45132,
45000,6, 21193, 21301, 21316, 21487, 21489, 34631,
45000,8, 18573, 18686, 18702, 18801, 18853, 19215, 19319, 32457,
45000,10, 17460, 17994, 18493, 18544, 18747, 18773, 18798, 19198, 19394, 32234,
45000,12, 17398, 18400, 18405, 18426, 18519, 18879, 18907, 18950, 19381, 19274, 20088, 31804,
45000,14, 16152, 16355, 17126, 17509, 17725, 18074, 18119, 18282, 18370, 18391, 18600, 18708, 20525, 29655,
45000,16, 16818, 17353, 17765, 17775, 18179, 18434, 18482, 18498, 18564, 18582, 18762, 18908, 18977, 18980, 22146, 28754,
45000,18, 18365, 18453, 18558, 18669, 18865, 18876, 18917, 19023, 19080, 19089, 19147, 19240, 19251, 19350, 19445, 19677, 23787, 28317,
45000,20, 17176, 17178, 17248, 17446, 17483, 17596, 17705, 17709, 17773, 17798, 17810, 17883, 18016, 18114, 18098, 18165, 18189, 18414, 22572, 26189,
45000,22, 17796, 18500, 18679, 18727, 18773, 18918, 18957, 19164, 19314, 19479, 19470, 19538, 19595, 19834, 19814, 19886, 19909, 19958, 19923, 20003, 25807, 26847,
45000,24, 16005, 17711, 17597, 17806, 18004, 18013, 18167, 18249, 18166, 18394, 18433, 18481, 18519, 18552, 18495, 18571, 18696, 18623, 18737, 18815, 18771, 19476, 24557, 24791,
45000,26, 15981, 16402, 16674, 17068, 17155, 17332, 17369, 17458, 17564, 17578, 17587, 17657, 17643, 17688, 17717, 17735, 17801, 17829, 17759, 17880, 17852, 17916, 18092, 18960, 23635, 24153,
45000,28, 18520, 18858, 19091, 19168, 19341, 19337, 19433, 19653, 19541, 19695, 19661, 19780, 19848, 19847, 19897, 19802, 19835, 19977, 19983, 20022, 20014, 20154, 20202, 20209, 20167, 21772, 24979, 25859,
45000,30, 18399, 18921, 18711, 19072, 18842, 18964, 19125, 19184, 19158, 19344, 19443, 19220, 19279, 19431, 19387, 19560, 19710, 19538, 19767, 19819, 19725, 19814, 19839, 20039, 20012, 20030, 20120, 22140, 24510, 25365,
45000,32, 17457, 17646, 17915, 17945, 18070, 18190, 18172, 18367, 18381, 18789, 19027, 19105, 19175, 19267, 19351, 19416, 19484, 19505, 19559, 19635, 19733, 19770, 19792, 19830, 19865, 19896, 19820, 19911, 20015, 22668, 24370, 25248,
50000,1, 139835,
50000,2, 62781, 80194,
50000,4, 34230, 34372, 34233, 51517,
50000,6, 22454, 22559, 22605, 22606, 22833, 40075,
50000,8, 19317, 19498, 19534, 19539, 19625, 19778, 20144, 36771,
50000,10, 18775, 19012, 19432, 19552, 19639, 19753, 19899, 19953, 20569, 37115,
50000,12, 18382, 18605, 19081, 19187, 19327, 19491, 19539, 19815, 19977, 20071, 20109, 36519,
50000,14, 16275, 17757, 17833, 18164, 18171, 18241, 18613, 18651, 18831, 18912, 19095, 19290, 20915, 33356,
50000,16, 17633, 18991, 19044, 19078, 19493, 19425, 19477, 19460, 19490, 19679, 19820, 19804, 20041, 20272, 23722, 32041,
50000,18, 18657, 18688, 19022, 19126, 19233, 19489, 19609, 19797, 19814, 19835, 19867, 19963, 20050, 20120, 20351, 20448, 25237, 31549,
50000,20, 25677, 26041, 26365, 26514, 26791, 26831, 26892, 26948, 26908, 27037, 27090, 27125, 27194, 27107, 27237, 27289, 27461, 27485, 33943, 37858,
50000,22, 18324, 18419, 19063, 19221, 19276, 19471, 19496, 19732, 19757, 19801, 19852, 19875, 19963, 19966, 20012, 20021, 20028, 20127, 20200, 20255, 28387, 30714,
50000,24, 18046, 18652, 18745, 18974, 19443, 19529, 19470, 19564, 19603, 19781, 19798, 19923, 19984, 20038, 20098, 20184, 20211, 20262, 20266, 20301, 20528, 20930, 28193, 28331,
50000,26, 18148, 18239, 18763, 19061, 19075, 19092, 19107, 19049, 19169, 19292, 19369, 19422, 19457, 19532, 19524, 19647, 19617, 19776, 19720, 19836, 19904, 20061, 20053, 21050, 27274, 27285,
50000,28, 19317, 19407, 19532, 19364, 19557, 20001, 20049, 19797, 20153, 19909, 20157, 20281, 20224, 20347, 19955, 20416, 20439, 20474, 20498, 20459, 20461, 20182, 20691, 20721, 20428, 22863, 27289, 28702,
50000,30, 17395, 17650, 17724, 17972, 17991, 18079, 18141, 18274, 18297, 18106, 18281, 18194, 18475, 18517, 18263, 18233, 18576, 18692, 18548, 18796, 18874, 18765, 18905, 18769, 18896, 18840, 18983, 21465, 25221, 26147,
50000,32, 18066, 18539, 18719, 18884, 18886, 19040, 19089, 19208, 19189, 19295, 19269, 19214, 19388, 19420, 19442, 19440, 19466, 19527, 19545, 19502, 19512, 19584, 19486, 19555, 19622, 19669, 19664, 19709, 19796, 23787, 25413, 27203,
