1000,1, 22,
1000,2, 33, 37,
1000,4, 20, 28, 29, 32,
1000,6, 23, 22, 23, 24, 25, 25,
1000,8, 26, 70, 77, 78, 78, 77, 78, 79,
1000,10, 24, 30, 29, 31, 31, 31, 31, 32, 33, 34,
1000,12, 12, 43, 46, 50, 47, 46, 48, 49, 49, 48, 50, 50,
1000,14, 15, 54, 64, 64, 61, 63, 64, 65, 64, 64, 64, 62, 63, 67,
1000,16, 18, 38, 70, 73, 71, 72, 72, 72, 75, 74, 75, 75, 75, 74, 77, 77,
1000,18, 26, 41, 40, 44, 46, 45, 55, 59, 59, 64, 67, 36, 73, 73, 60, 51, 31, 25,
1000,20, 32, 28, 32, 67, 67, 70, 67, 65, 69, 71, 71, 70, 72, 69, 69, 72, 72, 51, 72, 38,
1000,22, 17, 31, 55, 94, 119, 120, 119, 117, 120, 121, 123, 119, 116, 119, 120, 122, 124, 122, 124, 78, 118, 67,
1000,24, 17, 24, 26, 52, 54, 55, 53, 55, 54, 19, 8, 54, 61, 54, 55, 58, 21, 5, 6, 5, 6, 7, 8, 10,
1000,26, 7, 10, 10, 16, 25, 28, 46, 80, 82, 76, 82, 83, 83, 84, 35, 25, 57, 37, 26, 6, 6, 7, 6, 9, 10, 10,
1000,28, 12, 14, 18, 25, 44, 44, 46, 42, 45, 47, 42, 45, 43, 45, 36, 47, 37, 11, 33, 3, 5, 8, 8, 8, 11, 7, 9, 9,
1000,30, 13, 32, 41, 52, 61, 62, 63, 63, 62, 64, 64, 62, 61, 61, 64, 42, 66, 63, 47, 9, 4, 4, 5, 5, 5, 6, 8, 6, 13, 10,
1000,32, 14, 22, 32, 43, 50, 51, 53, 52, 54, 53, 50, 52, 51, 23, 53, 21, 52, 55, 7, 3, 4, 4, 3, 4, 4, 4, 6, 6, 9, 7, 8, 11,
5000,1, 182,
5000,2, 71, 195,
5000,4, 38, 62, 107, 155,
5000,6, 40, 52, 74, 95, 132, 167,
5000,8, 32, 40, 53, 64, 94, 112, 137, 171,
5000,10, 26, 33, 46, 64, 73, 92, 110, 129, 156, 191,
5000,12, 57, 66, 76, 91, 113, 113, 122, 137, 183, 194, 211, 223,
5000,14, 43, 44, 55, 71, 77, 93, 98, 98, 124, 140, 157, 162, 179, 205,
5000,16, 56, 86, 130, 290, 320, 352, 372, 373, 387, 409, 381, 393, 406, 418, 399, 466,
5000,18, 90, 97, 126, 198, 216, 219, 221, 245, 258, 284, 283, 295, 308, 260, 294, 305, 257, 207,
5000,20, 71, 73, 78, 81, 101, 106, 107, 108, 125, 128, 158, 155, 140, 170, 172, 139, 175, 134, 164, 165,
5000,22, 78, 81, 82, 84, 87, 101, 113, 127, 128, 130, 141, 183, 199, 198, 199, 213, 228, 175, 234, 201, 175, 217,
5000,24, 49, 64, 71, 98, 158, 157, 180, 194, 198, 199, 207, 246, 248, 168, 197, 156, 262, 256, 260, 178, 196, 196, 211, 235,
5000,26, 35, 39, 41, 44, 55, 54, 60, 71, 74, 73, 82, 102, 105, 106, 124, 109, 118, 125, 136, 159, 119, 149, 155, 164, 174, 193,
5000,28, 46, 60, 68, 98, 105, 107, 113, 118, 127, 133, 149, 165, 144, 170, 188, 110, 129, 110, 111, 133, 142, 140, 140, 153, 179, 189, 205, 208,
5000,30, 44, 80, 82, 80, 84, 92, 96, 102, 105, 107, 111, 84, 125, 61, 68, 111, 125, 106, 114, 143, 147, 147, 144, 149, 184, 163, 186, 200, 211, 212,
5000,32, 93, 95, 95, 101, 105, 108, 112, 107, 120, 127, 132, 142, 148, 167, 170, 173, 175, 126, 161, 125, 148, 151, 151, 130, 158, 155, 156, 204, 211, 207, 218, 209,
10000,1, 609,
10000,2, 208, 632,
10000,4, 81, 179, 387, 600,
10000,6, 75, 128, 211, 319, 457, 652,
10000,8, 71, 102, 166, 234, 294, 414, 515, 626,
10000,10, 54, 91, 117, 177, 205, 292, 349, 433, 515, 600,
10000,12, 82, 106, 151, 173, 214, 260, 349, 369, 438, 500, 581, 652,
10000,14, 71, 98, 102, 184, 184, 188, 298, 348, 375, 409, 476, 546, 639, 758,
10000,16, 51, 69, 92, 165, 147, 206, 260, 295, 322, 395, 400, 457, 516, 596, 603, 675,
10000,18, 96, 121, 129, 148, 213, 213, 323, 336, 337, 486, 488, 497, 547, 595, 600, 617, 702, 776,
10000,20, 63, 79, 97, 133, 169, 170, 273, 305, 305, 377, 414, 457, 482, 525, 536, 645, 653, 721, 755, 814,
10000,22, 65, 72, 98, 115, 133, 150, 229, 249, 306, 394, 404, 438, 452, 486, 560, 549, 516, 586, 611, 660, 736, 765,
10000,24, 27, 41, 42, 88, 115, 138, 209, 221, 247, 310, 313, 382, 396, 433, 478, 559, 563, 630, 602, 580, 699, 745, 776, 815,
10000,26, 74, 86, 88, 105, 114, 173, 197, 228, 234, 266, 331, 401, 430, 508, 497, 551, 576, 494, 573, 625, 606, 615, 663, 759, 772, 796,
10000,28, 43, 90, 244, 263, 308, 295, 328, 400, 429, 538, 544, 609, 614, 622, 626, 744, 740, 789, 778, 627, 750, 720, 758, 749, 725, 776, 875, 863,
10000,30, 49, 57, 56, 61, 91, 103, 125, 152, 250, 276, 309, 408, 465, 469, 516, 504, 518, 524, 505, 535, 608, 610, 630, 649, 759, 767, 805, 751, 701, 882,
10000,32, 52, 53, 69, 85, 97, 100, 110, 125, 155, 208, 274, 307, 348, 401, 418, 458, 516, 597, 602, 666, 690, 719, 619, 667, 752, 667, 748, 755, 827, 901, 920, 863,
15000,1, 1305,
15000,2, 379, 1344,
15000,4, 115, 351, 740, 1261,
15000,6, 94, 219, 419, 647, 986, 1395,
15000,8, 96, 166, 275, 414, 607, 851, 1058, 1390,
15000,10, 133, 192, 246, 352, 493, 621, 774, 988, 1141, 1378,
15000,12, 68, 146, 227, 250, 391, 463, 562, 755, 844, 1059, 1192, 1422,
15000,14, 89, 153, 191, 243, 324, 415, 579, 645, 727, 856, 1050, 1136, 1424, 1564,
15000,16, 248, 311, 388, 482, 551, 590, 731, 817, 876, 900, 1027, 1126, 1334, 1444, 1558, 1698,
15000,18, 33, 61, 129, 177, 285, 356, 395, 496, 624, 671, 693, 814, 992, 1066, 1107, 1392, 1477, 1514,
15000,20, 81, 130, 146, 263, 288, 374, 463, 538, 666, 671, 874, 973, 981, 1061, 1134, 1284, 1411, 1427, 1525, 1728,
15000,22, 109, 130, 210, 273, 339, 373, 435, 457, 593, 745, 802, 874, 1024, 1082, 1138, 1226, 1301, 1326, 1383, 1448, 1495, 1639,
15000,24, 79, 97, 132, 256, 277, 345, 431, 434, 572, 625, 802, 842, 868, 899, 1074, 1116, 1267, 1367, 1399, 1479, 1514, 1626, 1707, 1767,
15000,26, 72, 96, 97, 140, 191, 317, 401, 415, 459, 561, 701, 798, 838, 1060, 1128, 1141, 1197, 1271, 1272, 1405, 1375, 1454, 1651, 1683, 1777, 1878,
15000,28, 51, 69, 107, 142, 171, 182, 349, 412, 424, 618, 678, 793, 894, 953, 999, 1135, 1223, 1246, 1261, 1438, 1469, 1480, 1509, 1556, 1638, 1808, 1822, 1888,
15000,30, 100, 122, 216, 216, 228, 308, 343, 431, 478, 619, 671, 749, 751, 900, 1003, 1025, 1125, 1367, 1444, 1450, 1554, 1551, 1523, 1724, 1685, 1813, 1821, 1768, 1928, 2058,
15000,32, 111, 127, 138, 208, 224, 311, 377, 498, 499, 568, 640, 711, 810, 857, 998, 1195, 1197, 1316, 1392, 1403, 1367, 1394, 1433, 1548, 1669, 1685, 1690, 1652, 1914, 1959, 1930, 2009,
20000,1, 2391,
20000,2, 594, 2662,
20000,4, 204, 652, 1377, 2491,
20000,6, 136, 366, 704, 1209, 1710, 2504,
20000,8, 157, 276, 472, 730, 1052, 1453, 1919, 2404,
20000,10, 131, 211, 349, 575, 800, 969, 1331, 1673, 2105, 2497,
20000,12, 147, 179, 285, 451, 617, 746, 1065, 1261, 1470, 1772, 2064, 2392,
20000,14, 106, 160, 227, 399, 516, 722, 791, 994, 1227, 1441, 1579, 2099, 2318, 2671,
20000,16, 118, 192, 308, 436, 461, 626, 889, 1013, 1189, 1350, 1410, 1829, 1829, 2227, 2700, 2900,
20000,18, 98, 150, 250, 349, 463, 715, 806, 898, 1109, 1274, 1450, 1556, 1833, 1848, 2185, 2321, 2545, 2978,
20000,20, 101, 119, 250, 337, 337, 671, 717, 959, 999, 1072, 1330, 1439, 1577, 1791, 1803, 2045, 2421, 2459, 2863, 3103,
20000,22, 50, 66, 142, 223, 304, 493, 569, 603, 750, 1046, 1290, 1337, 1554, 1573, 1722, 1863, 1952, 2334, 2358, 2628, 2806, 2860,
20000,24, 68, 119, 207, 305, 377, 431, 600, 734, 895, 1124, 1216, 1252, 1549, 1728, 1732, 1973, 2147, 2241, 2248, 2371, 2527, 2943, 3142, 3253,
20000,26, 89, 108, 130, 257, 378, 474, 544, 595, 726, 878, 1148, 1234, 1391, 1579, 1829, 1960, 2054, 2077, 2099, 2233, 2692, 2687, 2759, 3185, 3237, 3383,
20000,28, 145, 189, 311, 394, 421, 495, 760, 782, 862, 986, 1141, 1223, 1659, 1668, 1767, 1994, 2069, 2006, 2247, 2304, 2337, 2492, 2574, 2942, 3009, 3267, 3357, 3574,
20000,30, 62, 144, 158, 184, 223, 468, 538, 696, 736, 855, 1008, 1215, 1287, 1393, 1496, 1802, 1975, 1981, 2230, 2374, 2514, 2622, 2630, 2934, 3051, 3050, 3050, 3108, 3211, 3594,
20000,32, 139, 253, 336, 334, 347, 548, 673, 798, 842, 1003, 1220, 1307, 1313, 1611, 1650, 1708, 1905, 2179, 2414, 2472, 2498, 2492, 2835, 2889, 2893, 3009, 2955, 3198, 3354, 3376, 3708, 3833,
25000,1, 4184,
25000,2, 918, 3865,
25000,4, 293, 1005, 2054, 4046,
25000,6, 158, 469, 1008, 1764, 2851, 3838,
25000,8, 203, 417, 718, 1100, 1649, 2252, 3177, 3956,
25000,10, 188, 371, 508, 783, 1154, 1587, 1964, 2631, 3451, 4039,
25000,12, 196, 300, 518, 664, 1019, 1219, 1624, 1944, 2540, 2944, 3698, 4269,
25000,14, 138, 257, 352, 688, 746, 1080, 1250, 1520, 2059, 2244, 2782, 3117, 3407, 4466,
25000,16, 144, 266, 421, 462, 666, 1184, 1279, 1662, 1794, 1814, 2527, 2732, 3125, 3492, 3755, 4476,
25000,18, 225, 255, 392, 541, 717, 901, 1193, 1620, 1619, 2115, 2129, 2416, 2857, 3117, 3415, 3920, 4178, 4267,
25000,20, 117, 188, 346, 507, 656, 767, 1089, 1388, 1519, 1734, 2078, 2171, 2775, 2840, 3147, 3162, 3777, 3880, 4192, 4529,
25000,22, 70, 171, 223, 286, 584, 714, 1000, 1071, 1346, 1410, 1706, 2134, 2259, 2677, 2724, 2991, 3375, 3709, 3774, 4376, 4776, 4829,
25000,24, 89, 111, 290, 327, 644, 705, 791, 914, 1483, 1632, 1863, 1935, 1936, 2345, 2452, 2590, 3069, 3500, 3871, 4325, 4319, 4440, 4979, 5074,
25000,26, 130, 236, 363, 493, 503, 712, 916, 1036, 1279, 1431, 1799, 1878, 2293, 2511, 2618, 2874, 3230, 3361, 3601, 4021, 4066, 4160, 4606, 4893, 4998, 5353,
25000,28, 292, 440, 552, 649, 832, 905, 908, 1349, 1413, 1439, 1969, 2035, 2377, 2424, 2709, 3155, 3243, 3593, 3861, 4163, 4210, 4248, 4385, 4741, 4915, 5341, 5664, 5619,
25000,30, 129, 326, 344, 577, 583, 758, 814, 942, 1073, 1572, 1647, 1634, 1936, 2057, 2129, 2607, 2657, 3224, 3239, 3501, 3498, 3993, 4179, 4259, 4297, 4837, 5173, 5264, 5579, 5852,
25000,32, 120, 190, 303, 425, 485, 658, 769, 1012, 1068, 1244, 1458, 1782, 1799, 2168, 2493, 2669, 2790, 3001, 3565, 3725, 3871, 4127, 4440, 4448, 4844, 4907, 5060, 5067, 5262, 5306, 5781, 6048,
30000,1, 5635,
30000,2, 1374, 5966,
30000,4, 395, 1404, 3186, 5394,
30000,6, 232, 705, 1402, 2537, 3864, 5783,
30000,8, 256, 540, 955, 1555, 2460, 3304, 4612, 5756,
30000,10, 193, 373, 679, 1112, 1588, 2151, 2998, 3722, 4882, 5770,
30000,12, 356, 481, 801, 1050, 1564, 1864, 2450, 2954, 3707, 4288, 4947, 6215,
30000,14, 171, 382, 588, 944, 1044, 1491, 1857, 2232, 2932, 3296, 4100, 4578, 5253, 5860,
30000,16, 290, 405, 712, 900, 1093, 1554, 1858, 2074, 2551, 3065, 3444, 4043, 4543, 5142, 5537, 6326,
30000,18, 337, 517, 613, 874, 1029, 1272, 1791, 1828, 2154, 2927, 2985, 3316, 4110, 4309, 5230, 5613, 6326, 6522,
30000,20, 103, 262, 491, 717, 905, 1171, 1533, 1805, 2291, 2422, 2804, 3379, 3565, 3840, 4694, 4716, 5075, 6144, 6339, 7005,
30000,22, 109, 277, 397, 586, 778, 1056, 1427, 1450, 2236, 2235, 2680, 2694, 3513, 3836, 3870, 4569, 4927, 5281, 5847, 6046, 6631, 6726,
30000,24, 288, 701, 817, 907, 1046, 1487, 1762, 2215, 2354, 2565, 2676, 3332, 3983, 4208, 4261, 4437, 4690, 5238, 5642, 5877, 6293, 6988, 7076, 7914,
30000,26, 126, 179, 235, 487, 643, 1031, 1064, 1548, 1596, 2096, 2271, 2518, 2861, 3644, 3687, 3655, 4404, 4616, 4682, 5568, 5600, 6270, 6561, 7302, 7455, 7894,
30000,28, 251, 283, 399, 711, 783, 1054, 1309, 1725, 1785, 2055, 2453, 2765, 3348, 3359, 3946, 4232, 4426, 4916, 4926, 5120, 5736, 5845, 6180, 6631, 7476, 7485, 7936, 8225,
30000,30, 89, 226, 366, 380, 612, 855, 910, 1278, 1783, 1934, 2422, 2455, 2468, 3014, 3367, 3917, 3965, 4741, 5124, 5153, 5478, 6093, 6103, 6683, 6790, 6922, 7563, 7539, 8540, 8578,
30000,32, 44, 94, 117, 331, 351, 570, 872, 1197, 1398, 1822, 2280, 2273, 3047, 3222, 3808, 4606, 4697, 5028, 5604, 6689, 7238, 7568, 8375, 8601, 8832, 10406, 10469, 10621, 11658, 12706, 12794, 13234,
35000,1, 7915,
35000,2, 2086, 8411,
35000,4, 502, 1836, 4573, 8019,
35000,6, 293, 921, 1966, 3522, 5463, 8068,
35000,8, 425, 985, 2263, 2970, 4077, 5531, 7446, 9660,
35000,10, 618, 1176, 1786, 2345, 2795, 5031, 5665, 7063, 8580, 11040,
35000,12, 278, 608, 905, 1246, 1789, 2274, 3109, 3957, 4731, 5909, 6917, 8779,
35000,14, 102, 382, 557, 1307, 1328, 2018, 2392, 3157, 3741, 4725, 5353, 6270, 7428, 8334,
35000,16, 165, 328, 605, 845, 1425, 1667, 1827, 2905, 3256, 3936, 4527, 5303, 6295, 7175, 8200, 9149,
35000,18, 174, 293, 551, 882, 1321, 1831, 2033, 2681, 3027, 3554, 3927, 4715, 5521, 6141, 6821, 7577, 8792, 9173,
35000,20, 117, 244, 408, 799, 1094, 1404, 1933, 1952, 2862, 3356, 3642, 4748, 4739, 5267, 5871, 6967, 7326, 8008, 9196, 9495,
35000,22, 118, 258, 465, 866, 1102, 1396, 1741, 2367, 2657, 3192, 4010, 4170, 4931, 5011, 5543, 6264, 6818, 6895, 7782, 8824, 9153, 10256,
35000,24, 115, 210, 397, 673, 853, 1331, 1343, 1743, 1802, 2758, 2993, 3632, 4639, 4853, 5467, 5797, 5925, 7011, 7581, 8237, 8667, 8873, 9126, 10377,
35000,26, 205, 275, 338, 580, 1052, 1214, 1771, 1892, 2380, 2778, 3121, 3137, 4394, 4524, 5139, 5165, 5802, 6839, 6963, 8128, 8268, 8495, 9382, 9823, 10221, 10772,
35000,28, 91, 238, 349, 635, 895, 1125, 1359, 1907, 2153, 2359, 2820, 3207, 3300, 4623, 5025, 5315, 5395, 6053, 6352, 6865, 8083, 8372, 8571, 9199, 9816, 9898, 10832, 11388,
35000,30, 249, 498, 537, 980, 1294, 1654, 1922, 2544, 2840, 3574, 3725, 4850, 5729, 6726, 6774, 7229, 9093, 9492, 10152, 10756, 11813, 12220, 13692, 14756, 14950, 15182, 16013, 16647, 17018, 17191,
35000,32, 114, 113, 235, 432, 672, 1001, 1323, 1326, 2051, 2311, 2584, 2686, 3726, 3816, 3854, 4941, 5327, 6084, 6952, 7147, 7604, 7983, 7968, 8841, 9235, 9430, 9686, 10671, 11002, 11538, 11839, 12262,
40000,1, 10300,
40000,2, 2341, 10395,
40000,4, 641, 2535, 5868, 10626,
40000,6, 361, 1150, 2655, 4699, 7411, 11076,
40000,8, 259, 726, 1496, 2676, 4188, 6118, 7969, 10841,
40000,10, 312, 597, 1116, 1894, 2740, 4072, 5453, 6796, 8956, 10681,
40000,12, 240, 535, 1224, 1312, 2372, 2839, 3984, 4827, 6438, 8113, 9271, 10768,
40000,14, 196, 581, 765, 1309, 1954, 2930, 3152, 4187, 4816, 6246, 7154, 8903, 10076, 11279,
40000,16, 169, 401, 826, 1292, 1423, 1983, 2853, 3695, 4386, 5394, 5677, 7072, 8318, 9293, 10345, 12278,
40000,18, 317, 505, 857, 1128, 1786, 2366, 3085, 3471, 4186, 4984, 5459, 6345, 6844, 8185, 9599, 10467, 11088, 12110,
40000,20, 197, 246, 788, 973, 1651, 1745, 2695, 3295, 3689, 3922, 4935, 5493, 6643, 7036, 8182, 9234, 9638, 10391, 11800, 12100,
40000,22, 216, 294, 602, 847, 1379, 1983, 2192, 2798, 3480, 4207, 4467, 5564, 5747, 7075, 7237, 8178, 9356, 9415, 10380, 11094, 11821, 12556,
40000,24, 103, 238, 484, 716, 1041, 1439, 1991, 2604, 2722, 4041, 4094, 5253, 5426, 6415, 6492, 7629, 9019, 9021, 9817, 10926, 11237, 11608, 13249, 14627,
40000,26, 125, 292, 423, 809, 1124, 1362, 2130, 2510, 3099, 3572, 3587, 4719, 4848, 6000, 6099, 7335, 7859, 8423, 9642, 9616, 10610, 11394, 12564, 12628, 13784, 14163,
40000,28, 100, 235, 421, 844, 999, 1427, 2177, 2234, 2964, 3380, 3899, 4131, 5392, 5764, 6105, 7233, 8105, 8449, 9391, 9867, 10307, 11009, 11494, 11734, 13219, 14166, 14456, 15421,
40000,30, 79, 176, 404, 803, 987, 1132, 1910, 2310, 2756, 3381, 3795, 4313, 4422, 5202, 6059, 6562, 7730, 8375, 8424, 9126, 10082, 11069, 11529, 12321, 12266, 13237, 13576, 14304, 15634, 16271,
40000,32, 64, 134, 398, 494, 962, 1150, 1776, 1882, 2724, 2739, 3470, 4231, 4561, 5603, 5667, 6313, 7231, 7530, 8152, 8577, 9970, 10504, 10724, 11684, 11728, 12461, 12704, 13779, 14582, 15103, 15772, 15822,
45000,1, 13156,
45000,2, 3442, 13397,
45000,4, 834, 3199, 7297, 13579,
45000,6, 432, 1466, 3297, 5998, 9376, 14131,
45000,8, 353, 946, 1952, 3379, 5272, 7699, 10576, 14258,
45000,10, 270, 670, 1416, 2300, 3658, 5242, 6684, 9023, 11632, 13916,
45000,12, 254, 688, 1193, 2025, 2635, 3777, 4960, 6643, 8222, 10022, 12140, 14055,
45000,14, 214, 524, 1063, 1672, 2324, 3104, 4410, 4860, 6529, 8032, 9295, 10300, 12824, 14607,
45000,16, 203, 540, 748, 1332, 1815, 3120, 3190, 4450, 5185, 6363, 8478, 8489, 11007, 12075, 14284, 15429,
45000,18, 391, 692, 1089, 1589, 2142, 2567, 3174, 4069, 5671, 6110, 6709, 7891, 9200, 10262, 11636, 12502, 14059, 15921,
45000,20, 288, 540, 898, 1146, 1807, 2175, 3010, 4186, 4350, 5801, 6508, 7434, 8479, 9494, 10432, 11419, 12451, 13621, 15878, 16567,
45000,22, 259, 351, 828, 1312, 1621, 2054, 3183, 3771, 4424, 5403, 6286, 7097, 8144, 9083, 9672, 10369, 11711, 12864, 13914, 14823, 16500, 17929,
45000,24, 283, 583, 957, 1192, 1744, 2343, 3074, 3819, 4170, 4997, 5943, 6168, 7406, 8604, 9065, 10936, 10935, 11599, 12650, 14202, 14499, 15892, 16141, 17525,
45000,26, 69, 402, 540, 995, 1257, 1618, 2367, 3037, 3736, 4337, 5785, 6659, 6998, 7766, 8310, 9023, 9720, 11092, 11903, 12093, 13182, 14086, 15248, 16436, 17690, 17983,
45000,28, 97, 207, 425, 1049, 1124, 1728, 2523, 3088, 3208, 3893, 5052, 5942, 6397, 7684, 8412, 8858, 9903, 10935, 12370, 12958, 13647, 14252, 15195, 15993, 16919, 17709, 18011, 20162,
45000,30, 85, 217, 347, 827, 1038, 1645, 2066, 2679, 2776, 3101, 4705, 4900, 6286, 6890, 7885, 7953, 8574, 10039, 11430, 12500, 12724, 13447, 14981, 15751, 16363, 17454, 17745, 19123, 19474, 20218,
45000,32, 205, 371, 512, 1022, 1285, 1546, 2136, 2455, 3299, 3933, 4504, 5347, 5943, 6663, 7447, 8650, 9736, 10274, 10503, 11823, 12206, 13029, 14188, 15279, 15886, 15980, 16847, 17961, 18966, 19563, 20824, 21071,
50000,1, 16507,
50000,2, 3853, 16930,
50000,4, 961, 4000, 9442, 16916,
50000,6, 503, 1799, 4085, 7250, 11771, 17769,
50000,8, 362, 1128, 2394, 4147, 6589, 9531, 13248, 17900,
50000,10, 360, 855, 1721, 2755, 4407, 6250, 8806, 10984, 14358, 18336,
50000,12, 330, 833, 1503, 2275, 3409, 4629, 6218, 7915, 10607, 12669, 15111, 18769,
50000,14, 303, 654, 1288, 1825, 2579, 4460, 4858, 6597, 8526, 9562, 11965, 13439, 15182, 19018,
50000,16, 270, 564, 1028, 1766, 3009, 3058, 4661, 4861, 7038, 8018, 9599, 11398, 13657, 15745, 17242, 20230,
50000,18, 222, 589, 1049, 1528, 2521, 3938, 4086, 4920, 5977, 7915, 8553, 9936, 11252, 13834, 15116, 16156, 18656, 20287,
50000,20, 411, 607, 1041, 1598, 2134, 3101, 3806, 4634, 5977, 6320, 8859, 9116, 11444, 11627, 13364, 14320, 16017, 18789, 19832, 22257,
50000,22, 298, 449, 631, 1578, 2103, 2708, 3811, 4122, 5836, 6006, 8022, 8866, 10045, 11624, 11837, 14104, 14289, 15641, 17420, 18525, 20302, 21608,
50000,24, 105, 668, 1199, 2055, 2879, 3548, 4895, 5931, 6751, 8013, 8528, 10121, 10664, 12669, 13770, 14695, 16340, 17553, 18809, 20418, 21426, 21540, 24470, 25647,
50000,26, 152, 405, 875, 909, 1856, 2615, 3165, 3416, 4713, 5532, 6555, 8041, 8148, 10194, 10868, 12356, 12588, 14574, 15667, 16288, 17566, 18728, 19824, 20681, 22736, 23925,
50000,28, 215, 364, 881, 1380, 1606, 2560, 2837, 3585, 4521, 5365, 6263, 7081, 8668, 9450, 10384, 11521, 11737, 13792, 14772, 15366, 17042, 17109, 18201, 20340, 20920, 22620, 24065, 24809,
50000,30, 121, 279, 605, 1010, 1447, 2145, 2294, 3242, 4000, 4963, 6228, 6933, 8121, 9656, 10059, 11099, 11975, 12620, 13691, 15338, 15917, 16880, 18076, 19104, 20067, 20470, 21785, 23279, 24377, 24956,
50000,32, 146, 204, 559, 1000, 1413, 1807, 2163, 3493, 3599, 4875, 5213, 6249, 6967, 8045, 9302, 10767, 11717, 12747, 13470, 14180, 15880, 17063, 17283, 18482, 19905, 20393, 21802, 22263, 24334, 24588, 25168, 27526,
