1000,1, 9,
1000,2, 7, 7,
1000,4, 5, 13, 14, 15,
1000,6, 3, 2, 2, 3, 12, 13,
1000,8, 13, 10, 12, 1, 2, 3, 1, 1,
1000,10, 3, 2, 3, 1, 1, 2, 8, 8, 13, 20,
1000,12, 1, 1, 9, 1, 1, 1, 1, 1, 1, 1, 1, 0,
1000,14, 1, 35, 1, 3, 3, 1, 1, 1, 1, 1, 1, 3, 3, 1,
1000,16, 5, 4, 1, 1, 1, 1, 1, 2, 1, 1, 1, 2, 1, 1, 2, 3,
1000,18, 0, 1, 8, 1, 1, 3, 2, 3, 3, 1, 2, 2, 2, 1, 1, 1, 2, 1,
1000,20, 1, 2, 2, 1, 1, 1, 1, 1, 1, 0, 1, 1, 3, 2, 1, 1, 1, 1, 1, 1,
1000,22, 11, 1, 1, 1, 1, 1, 1, 1, 2, 2, 1, 1, 1, 1, 2, 1, 2, 2, 1, 1, 5, 4,
1000,24, 1, 1, 1, 2, 2, 2, 1, 1, 1, 2, 4, 2, 2, 2, 2, 1, 1, 1, 4, 4, 4, 1, 4, 0,
1000,26, 1, 1, 1, 1, 1, 1, 3, 1, 1, 1, 1, 1, 1, 1, 1, 1, 0, 0, 5, 0, 9, 1, 4, 0, 0, 0,
1000,28, 1, 1, 1, 1, 1, 1, 1, 2, 2, 2, 4, 0, 6, 6, 6, 7, 6, 7, 7, 6, 6, 6, 6, 5, 1, 2, 2, 2,
1000,30, 3, 2, 2, 2, 2, 0, 1, 1, 0, 1, 5, 0, 5, 0, 0, 0, 0, 1, 6, 1, 0, 1, 0, 0, 0, 0, 0, 0, 0, 1,
1000,32, 1, 1, 1, 1, 1, 3, 3, 3, 6, 4, 4, 4, 5, 0, 0, 1, 2, 0, 0, 0, 0, 1, 1, 0, 1, 2, 2, 0, 0, 0, 0, 0,
5000,1, 14,
5000,2, 12, 14,
5000,4, 8, 15, 16, 15,
5000,6, 8, 12, 17, 20, 19, 26,
5000,8, 11, 10, 10, 10, 11, 10, 12, 14,
5000,10, 15, 15, 4, 4, 9, 12, 3, 3, 13, 17,
5000,12, 2, 3, 1, 3, 7, 7, 7, 1, 0, 0, 11, 11,
5000,14, 3, 2, 6, 7, 7, 9, 9, 11, 7, 6, 6, 6, 17, 0,
5000,16, 11, 10, 12, 13, 20, 38, 37, 37, 39, 2, 1, 1, 1, 0, 0, 0,
5000,18, 2, 2, 4, 3, 10, 10, 10, 14, 14, 4, 28, 1, 0, 1, 1, 1, 1, 21,
5000,20, 2, 2, 1, 4, 5, 5, 6, 12, 12, 12, 13, 1, 1, 2, 4, 8, 4, 4, 4, 1,
5000,22, 6, 2, 1, 2, 25, 1, 4, 2, 2, 2, 7, 7, 12, 12, 7, 22, 22, 23, 1, 23, 24, 0,
5000,24, 2, 1, 7, 1, 18, 23, 18, 36, 7, 0, 1, 0, 0, 34, 3, 2, 3, 3, 3, 1, 1, 1, 6, 0,
5000,26, 1, 1, 2, 1, 4, 2, 2, 2, 1, 1, 1, 1, 0, 1, 20, 28, 21, 21, 21, 31, 8, 29, 29, 36, 37, 34,
5000,28, 2, 2, 9, 0, 19, 1, 0, 0, 0, 0, 0, 1, 1, 1, 0, 0, 0, 0, 0, 1, 0, 0, 0, 0, 3, 0, 0, 14,
5000,30, 1, 1, 8, 3, 3, 3, 12, 1, 1, 1, 13, 16, 7, 1, 7, 1, 1, 1, 0, 1, 13, 12, 12, 22, 29, 29, 29, 29, 1, 1,
5000,32, 10, 24, 28, 1, 1, 37, 1, 39, 10, 11, 11, 13, 1, 1, 32, 31, 0, 0, 0, 0, 1, 0, 0, 0, 0, 0, 0, 0, 1, 1, 1, 1,
10000,1, 16,
10000,2, 21, 22,
10000,4, 24, 28, 27, 28,
10000,6, 32, 23, 34, 39, 21, 12,
10000,8, 12, 9, 19, 9, 19, 20, 18, 15,
10000,10, 10, 14, 13, 14, 11, 23, 23, 15, 19, 37,
10000,12, 8, 2, 2, 3, 8, 10, 2, 1, 2, 1, 1, 0,
10000,14, 4, 1, 1, 1, 17, 3, 0, 8, 3, 6, 0, 18, 0, 0,
10000,16, 3, 5, 6, 2, 0, 36, 2, 2, 1, 1, 13, 6, 19, 19, 20, 20,
10000,18, 5, 7, 1, 1, 6, 6, 7, 5, 1, 6, 1, 7, 1, 0, 18, 1, 1, 1,
10000,20, 29, 8, 14, 8, 0, 1, 3, 0, 0, 1, 2, 2, 2, 1, 1, 1, 2, 3, 4, 3,
10000,22, 10, 10, 3, 5, 4, 14, 14, 6, 1, 0, 3, 4, 5, 8, 0, 1, 1, 15, 15, 17, 0, 20,
10000,24, 2, 4, 4, 3, 2, 16, 16, 16, 19, 20, 22, 25, 4, 30, 2, 21, 1, 1, 1, 1, 9, 9, 11, 44,
10000,26, 3, 3, 8, 1, 0, 0, 11, 62, 20, 20, 2, 23, 23, 28, 28, 1, 1, 1, 1, 2, 1, 1, 2, 2, 3, 1,
10000,28, 2, 5, 4, 1, 1, 0, 0, 1, 1, 1, 0, 0, 2, 0, 1, 0, 1, 0, 1, 0, 1, 0, 1, 0, 3, 1, 24, 2,
10000,30, 3, 4, 2, 2, 2, 2, 3, 2, 2, 2, 2, 2, 3, 3, 3, 3, 3, 3, 3, 3, 4, 2, 2, 3, 1, 2, 2, 3, 3, 70,
10000,32, 2, 9, 0, 20, 1, 1, 1, 1, 10, 10, 10, 14, 14, 14, 1, 0, 0, 7, 0, 0, 1, 1, 0, 0, 2, 2, 1, 1, 2, 1, 0, 1,
15000,1, 18,
15000,2, 26, 25,
15000,4, 13, 19, 22, 23,
15000,6, 11, 20, 20, 24, 26, 27,
15000,8, 16, 12, 17, 17, 30, 30, 32, 43,
15000,10, 28, 29, 17, 38, 42, 36, 10, 45, 12, 1,
15000,12, 9, 9, 11, 14, 13, 28, 1, 5, 5, 23, 23, 11,
15000,14, 6, 3, 1, 2, 2, 8, 8, 12, 21, 7, 1, 1, 1, 21,
15000,16, 18, 26, 35, 35, 34, 38, 31, 12, 20, 9, 19, 15, 14, 26, 8, 10,
15000,18, 5, 1, 19, 3, 3, 0, 1, 1, 4, 4, 4, 3, 3, 18, 1, 1, 1, 1,
15000,20, 13, 17, 32, 6, 1, 1, 0, 1, 1, 1, 1, 1, 1, 1, 0, 12, 3, 3, 3, 3,
15000,22, 13, 3, 39, 19, 1, 0, 0, 1, 12, 24, 13, 25, 25, 27, 3, 6, 1, 1, 0, 0, 1, 2,
15000,24, 27, 29, 7, 7, 5, 5, 34, 33, 37, 35, 8, 39, 12, 18, 14, 49, 19, 18, 46, 51, 9, 0, 0, 1,
15000,26, 18, 6, 3, 3, 3, 2, 1, 1, 2, 1, 0, 1, 16, 6, 5, 0, 0, 0, 1, 0, 0, 34, 43, 43, 43, 1,
15000,28, 5, 28, 3, 10, 10, 3, 10, 1, 1, 1, 0, 1, 9, 1, 11, 22, 29, 0, 1, 1, 0, 0, 1, 64, 2, 2, 0, 39,
15000,30, 4, 1, 1, 1, 17, 17, 0, 0, 0, 0, 25, 25, 25, 1, 32, 33, 1, 1, 1, 2, 2, 2, 2, 2, 0, 0, 0, 1, 0, 1,
15000,32, 4, 8, 11, 6, 0, 10, 12, 13, 2, 26, 27, 26, 28, 29, 28, 29, 29, 29, 37, 1, 52, 53, 55, 54, 58, 60, 60, 60, 3, 4, 0, 0,
20000,1, 20,
20000,2, 31, 30,
20000,4, 37, 40, 39, 43,
20000,6, 39, 40, 40, 9, 31, 44,
20000,8, 49, 45, 25, 39, 37, 31, 86, 83,
20000,10, 42, 14, 15, 18, 12, 29, 8, 8, 4, 3,
20000,12, 12, 13, 19, 24, 27, 30, 30, 31, 35, 6, 7, 3,
20000,14, 7, 27, 1, 11, 11, 12, 4, 4, 4, 1, 3, 1, 2, 2,
20000,16, 7, 11, 19, 22, 16, 37, 1, 3, 6, 12, 2, 16, 20, 24, 29, 4,
20000,18, 4, 50, 1, 1, 12, 15, 4, 32, 4, 4, 3, 3, 1, 4, 1, 74, 74, 68,
20000,20, 34, 34, 10, 10, 12, 7, 11, 30, 28, 10, 29, 32, 3, 7, 15, 0, 1, 8, 1, 1,
20000,22, 7, 8, 39, 43, 1, 2, 3, 5, 7, 7, 2, 0, 0, 2, 1, 0, 1, 0, 0, 12, 16, 0,
20000,24, 84, 6, 50, 1, 0, 0, 38, 38, 38, 1, 0, 0, 0, 1, 0, 1, 2, 5, 1, 1, 5, 1, 4, 3,
20000,26, 10, 23, 51, 1, 3, 5, 13, 2, 18, 19, 0, 13, 0, 0, 0, 2, 0, 0, 0, 1, 4, 1, 2, 1, 1, 1,
20000,28, 25, 26, 26, 27, 28, 23, 27, 27, 28, 4, 37, 38, 38, 39, 26, 40, 47, 47, 48, 51, 51, 51, 85, 53, 54, 53, 90, 47,
20000,30, 5, 15, 0, 1, 0, 0, 1, 0, 1, 0, 5, 1, 1, 6, 11, 12, 13, 13, 2, 2, 0, 0, 1, 51, 50, 0, 0, 0, 1, 0,
20000,32, 7, 25, 23, 25, 23, 27, 23, 25, 12, 3, 1, 31, 43, 43, 2, 2, 2, 4, 5, 5, 4, 6, 0, 0, 1, 18, 0, 0, 0, 55, 44, 45,
25000,1, 23,
25000,2, 34, 36,
25000,4, 27, 30, 37, 36,
25000,6, 20, 29, 21, 21, 32, 42,
25000,8, 27, 46, 49, 50, 53, 75, 57, 88,
25000,10, 14, 23, 26, 20, 26, 29, 33, 41, 19, 41,
25000,12, 30, 42, 40, 44, 50, 59, 13, 3, 91, 90, 3, 7,
25000,14, 17, 7, 9, 9, 1, 5, 6, 36, 11, 8, 8, 27, 11, 29,
25000,16, 14, 38, 8, 7, 1, 1, 9, 9, 1, 1, 1, 16, 7, 7, 28, 35,
25000,18, 15, 14, 57, 61, 27, 28, 33, 37, 37, 4, 4, 109, 80, 81, 80, 82, 88, 86,
25000,20, 8, 1, 21, 23, 25, 10, 10, 10, 18, 41, 41, 12, 12, 21, 13, 29, 8, 9, 39, 62,
25000,22, 6, 2, 1, 23, 1, 6, 19, 19, 20, 4, 4, 4, 5, 2, 2, 5, 5, 15, 1, 13, 30, 1,
25000,24, 39, 9, 19, 20, 34, 47, 43, 47, 47, 61, 61, 60, 61, 68, 77, 87, 88, 94, 83, 86, 88, 90, 103, 2,
25000,26, 25, 18, 1, 16, 26, 29, 83, 10, 1, 1, 1, 0, 1, 0, 0, 0, 0, 1, 0, 0, 0, 1, 1, 11, 8, 6,
25000,28, 6, 9, 7, 5, 4, 6, 4, 6, 6, 8, 5, 7, 8, 7, 1, 2, 2, 1, 0, 1, 2, 3, 1, 1, 2, 2, 3, 2,
25000,30, 4, 15, 1, 28, 29, 35, 37, 44, 2, 2, 12, 29, 1, 1, 1, 9, 4, 5, 0, 54, 56, 56, 10, 1, 1, 32, 32, 103, 33, 33,
25000,32, 4, 12, 38, 48, 48, 73, 22, 58, 10, 62, 1, 1, 1, 0, 0, 0, 0, 0, 0, 2, 1, 7, 1, 1, 9, 5, 1, 2, 2, 1, 4, 5,
30000,1, 25,
30000,2, 21, 28,
30000,4, 40, 42, 42, 40,
30000,6, 14, 38, 40, 39, 40, 55,
30000,8, 41, 47, 28, 35, 25, 26, 20, 26,
30000,10, 40, 42, 42, 39, 44, 49, 46, 56, 57, 37,
30000,12, 14, 46, 15, 23, 52, 48, 3, 1, 11, 8, 29, 2,
30000,14, 8, 24, 3, 4, 1, 8, 19, 42, 10, 11, 44, 13, 10, 10,
30000,16, 11, 18, 19, 17, 16, 1, 6, 14, 14, 7, 8, 9, 10, 5, 5, 2,
30000,18, 33, 45, 1, 7, 13, 13, 12, 20, 5, 21, 64, 1, 78, 81, 81, 82, 85, 7,
30000,20, 9, 1, 11, 12, 2, 1, 1, 0, 11, 12, 13, 13, 14, 4, 10, 2, 2, 3, 0, 44,
30000,22, 2, 8, 9, 6, 1, 25, 28, 28, 32, 62, 3, 3, 5, 5, 5, 7, 7, 6, 10, 12, 9, 7,
30000,24, 7, 0, 0, 1, 0, 1, 0, 0, 0, 0, 0, 0, 0, 0, 0, 0, 6, 88, 91, 102, 103, 105, 106, 105,
30000,26, 14, 8, 16, 11, 6, 8, 8, 6, 6, 1, 6, 1, 16, 16, 16, 16, 16, 5, 5, 4, 8, 15, 1, 2, 0, 40,
30000,28, 16, 8, 23, 9, 10, 0, 9, 0, 38, 38, 40, 5, 1, 1, 0, 42, 0, 1, 0, 0, 1, 17, 2, 6, 27, 31, 0, 0,
30000,30, 37, 5, 5, 10, 27, 6, 39, 39, 55, 58, 60, 61, 61, 61, 61, 63, 65, 11, 13, 15, 35, 35, 47, 48, 42, 1, 95, 63, 63, 50,
30000,32, 19, 0, 0, 39, 43, 35, 36, 0, 58, 1, 0, 1, 1, 1, 1, 1, 7, 8, 47, 50, 50, 3, 4, 0, 3, 6, 7, 5, 1, 0, 0, 0,
35000,1, 27,
35000,2, 34, 40,
35000,4, 24, 25, 34, 35,
35000,6, 61, 59, 64, 67, 66, 67,
35000,8, 47, 101, 114, 109, 92, 71, 97, 87,
35000,10, 75, 53, 70, 97, 83, 81, 53, 39, 33, 58,
35000,12, 26, 50, 56, 62, 63, 66, 30, 72, 70, 85, 56, 35,
35000,14, 5, 15, 15, 27, 4, 3, 8, 6, 81, 66, 72, 67, 22, 26,
35000,16, 16, 19, 16, 21, 22, 27, 29, 29, 35, 32, 38, 38, 24, 5, 6, 7,
35000,18, 10, 2, 1, 34, 2, 3, 5, 9, 10, 10, 11, 9, 13, 43, 1, 1, 12, 0,
35000,20, 10, 9, 15, 13, 14, 4, 5, 16, 1, 1, 0, 9, 12, 14, 55, 2, 9, 2, 5, 3,
35000,22, 9, 8, 3, 24, 19, 30, 30, 36, 0, 41, 0, 1, 7, 7, 8, 8, 1, 1, 13, 0, 0, 43,
35000,24, 8, 24, 7, 7, 14, 14, 2, 4, 4, 13, 52, 53, 55, 62, 11, 5, 5, 2, 2, 1, 7, 16, 8, 1,
35000,26, 41, 12, 11, 3, 25, 47, 3, 1, 1, 1, 0, 0, 5, 2, 2, 6, 8, 13, 1, 29, 0, 1, 1, 0, 0, 1,
35000,28, 5, 5, 6, 6, 8, 2, 6, 5, 5, 14, 12, 1, 0, 0, 0, 25, 3, 26, 6, 0, 2, 1, 7, 7, 3, 3, 1, 1,
35000,30, 19, 53, 51, 42, 4, 42, 7, 48, 50, 51, 1, 11, 53, 53, 67, 67, 1, 58, 68, 58, 85, 84, 1, 0, 16, 17, 18, 20, 20, 22,
35000,32, 5, 1, 0, 35, 1, 28, 17, 1, 1, 3, 4, 5, 5, 1, 1, 32, 32, 35, 12, 54, 31, 1, 1, 2, 5, 1, 0, 18, 19, 26, 33, 33,
40000,1, 29,
40000,2, 30, 30,
40000,4, 44, 51, 53, 51,
40000,6, 24, 49, 55, 62, 63, 69,
40000,8, 39, 41, 42, 42, 47, 46, 48, 48,
40000,10, 82, 96, 97, 83, 24, 84, 88, 24, 92, 79,
40000,12, 15, 28, 38, 40, 47, 50, 51, 49, 61, 4, 5, 6,
40000,14, 68, 59, 71, 70, 72, 75, 80, 81, 91, 94, 99, 50, 17, 17,
40000,16, 25, 15, 8, 13, 2, 2, 2, 2, 25, 22, 28, 39, 8, 1, 75, 1,
40000,18, 27, 45, 12, 15, 92, 91, 13, 2, 7, 6, 6, 4, 5, 2, 2, 3, 1, 12,
40000,20, 6, 1, 8, 8, 19, 30, 30, 7, 34, 8, 54, 22, 26, 27, 28, 7, 28, 9, 42, 54,
40000,22, 43, 45, 51, 6, 59, 62, 61, 61, 68, 51, 68, 51, 5, 7, 15, 15, 16, 1, 2, 24, 46, 48,
40000,24, 17, 7, 12, 12, 1, 21, 30, 2, 61, 22, 22, 77, 78, 14, 25, 25, 1, 17, 1, 1, 1, 0, 1, 1,
40000,26, 50, 52, 52, 1, 4, 0, 1, 43, 0, 1, 2, 2, 3, 19, 2, 9, 9, 2, 15, 15, 17, 2, 18, 20, 1, 0,
40000,28, 6, 6, 0, 5, 2, 1, 61, 11, 1, 1, 1, 0, 6, 13, 5, 5, 1, 3, 6, 2, 2, 1, 1, 2, 3, 75, 4, 0,
40000,30, 10, 11, 1, 0, 1, 1, 1, 6, 0, 6, 4, 2, 2, 0, 1, 4, 1, 1, 0, 8, 9, 35, 41, 41, 54, 70, 70, 72, 72, 86,
40000,32, 5, 31, 8, 44, 44, 45, 1, 9, 9, 0, 0, 8, 0, 1, 2, 13, 13, 8, 8, 16, 20, 3, 3, 4, 1, 7, 6, 53, 1, 1, 0, 2,
45000,1, 30,
45000,2, 37, 38,
45000,4, 46, 48, 56, 57,
45000,6, 18, 30, 48, 48, 50, 51,
45000,8, 26, 29, 35, 48, 51, 49, 54, 49,
45000,10, 23, 13, 22, 32, 31, 39, 27, 22, 30, 3,
45000,12, 31, 37, 4, 38, 51, 46, 48, 31, 42, 3, 3, 2,
45000,14, 11, 30, 33, 8, 12, 8, 12, 12, 11, 11, 12, 1, 3, 2,
45000,16, 2, 64, 42, 25, 11, 12, 12, 6, 6, 17, 3, 35, 34, 52, 54, 0,
45000,18, 52, 36, 28, 42, 41, 15, 12, 9, 30, 50, 94, 80, 82, 89, 87, 96, 99, 98,
45000,20, 27, 9, 5, 25, 9, 4, 1, 8, 8, 31, 34, 2, 37, 43, 47, 51, 51, 50, 13, 50,
45000,22, 63, 22, 85, 10, 27, 2, 19, 12, 12, 17, 5, 27, 17, 24, 7, 18, 18, 19, 35, 36, 36, 35,
45000,24, 7, 1, 1, 18, 0, 3, 36, 1, 18, 27, 31, 10, 11, 12, 13, 13, 2, 2, 1, 16, 16, 21, 33, 0,
45000,26, 18, 1, 25, 41, 42, 55, 4, 9, 16, 24, 24, 36, 11, 3, 4, 18, 20, 20, 20, 106, 27, 26, 27, 28, 35, 35,
45000,28, 12, 55, 50, 20, 5, 6, 9, 2, 2, 20, 6, 20, 18, 60, 40, 1, 1, 1, 1, 2, 4, 4, 3, 2, 2, 1, 1, 1,
45000,30, 16, 19, 1, 3, 0, 1, 1, 0, 1, 0, 0, 0, 0, 1, 13, 4, 4, 10, 7, 5, 9, 9, 9, 0, 1, 27, 1, 1, 1, 1,
45000,32, 5, 30, 4, 10, 8, 2, 8, 0, 1, 6, 1, 1, 55, 4, 12, 11, 12, 12, 3, 14, 16, 16, 16, 15, 16, 1, 25, 40, 46, 46, 46, 47,
50000,1, 35,
50000,2, 40, 40,
50000,4, 39, 40, 40, 39,
50000,6, 37, 47, 49, 56, 58, 57,
50000,8, 53, 54, 55, 50, 59, 59, 58, 25,
50000,10, 43, 41, 44, 49, 49, 49, 53, 49, 44, 58,
50000,12, 33, 82, 88, 86, 11, 100, 27, 9, 10, 10, 24, 2,
50000,14, 56, 16, 33, 5, 2, 6, 10, 13, 10, 32, 11, 14, 39, 14,
50000,16, 31, 15, 10, 19, 14, 15, 16, 12, 6, 12, 22, 25, 27, 42, 3, 101,
50000,18, 23, 28, 20, 24, 40, 10, 42, 24, 6, 11, 11, 26, 11, 0, 10, 32, 32, 1,
50000,20, 37, 18, 40, 5, 18, 18, 7, 7, 26, 88, 34, 34, 46, 67, 10, 1, 3, 87, 75, 91,
50000,22, 75, 21, 24, 37, 9, 4, 25, 32, 36, 50, 51, 40, 15, 58, 71, 4, 4, 2, 2, 6, 106, 15,
50000,24, 23, 41, 4, 18, 31, 42, 31, 48, 33, 9, 32, 39, 54, 54, 55, 64, 59, 65, 64, 79, 87, 82, 94, 95,
50000,26, 15, 9, 50, 10, 28, 30, 31, 33, 34, 34, 35, 37, 1, 44, 2, 49, 25, 35, 51, 3, 81, 2, 3, 6, 7, 71,
50000,28, 14, 19, 22, 5, 16, 1, 18, 1, 2, 14, 1, 20, 26, 28, 31, 29, 34, 63, 1, 2, 11, 2, 11, 12, 1, 10, 0, 37,
50000,30, 25, 2, 5, 30, 1, 2, 3, 14, 18, 19, 20, 25, 4, 8, 17, 2, 2, 1, 0, 1, 1, 2, 2, 1, 1, 1, 1, 1, 2, 1,
50000,32, 41, 36, 1, 2, 5, 12, 2, 1, 1, 1, 1, 1, 1, 1, 46, 0, 1, 11, 2, 1, 0, 0, 8, 5, 5, 9, 1, 1, 1, 2, 9, 5,
