1000,1, 56,
1000,2, 39, 45,
1000,4, 31, 37, 40, 40,
1000,6, 36, 36, 36, 35, 38, 42,
1000,8, 59, 61, 62, 62, 63, 61, 66, 60,
1000,10, 39, 41, 8, 49, 51, 50, 51, 51, 52, 64,
1000,12, 39, 38, 38, 39, 36, 42, 45, 46, 46, 45, 46, 46,
1000,14, 61, 62, 61, 65, 63, 64, 63, 67, 65, 64, 64, 69, 71, 73,
1000,16, 56, 49, 57, 50, 51, 60, 59, 50, 57, 59, 60, 58, 51, 61, 66, 69,
1000,18, 48, 49, 50, 49, 40, 41, 50, 51, 42, 42, 41, 51, 46, 59, 52, 61, 64, 65,
1000,20, 30, 57, 71, 78, 78, 78, 78, 78, 77, 78, 79, 78, 79, 80, 79, 79, 80, 71, 79, 80,
1000,22, 56, 56, 32, 48, 55, 26, 33, 63, 63, 58, 59, 49, 27, 23, 60, 64, 58, 65, 29, 74, 76, 77,
1000,24, 69, 83, 95, 87, 104, 90, 114, 129, 114, 127, 129, 106, 136, 136, 168, 135, 153, 139, 141, 90, 169, 168, 169, 169,
1000,26, 26, 29, 27, 41, 27, 29, 21, 42, 28, 54, 44, 58, 44, 61, 58, 53, 62, 53, 62, 67, 60, 57, 69, 72, 76, 79,
1000,28, 79, 83, 87, 83, 90, 85, 93, 85, 87, 97, 91, 98, 100, 95, 98, 101, 98, 98, 101, 110, 109, 110, 109, 113, 113, 111, 111, 114,
1000,30, 30, 37, 36, 37, 35, 37, 37, 36, 37, 25, 23, 34, 23, 13, 36, 36, 38, 38, 38, 40, 41, 45, 51, 28, 52, 28, 28, 53, 29, 55,
1000,32, 49, 58, 67, 49, 63, 48, 67, 63, 61, 69, 61, 61, 71, 30, 41, 35, 73, 26, 1, 68, 16, 75, 23, 50, 57, 75, 25, 48, 78, 7, 60, 70,
5000,1, 472,
5000,2, 225, 319,
5000,4, 202, 203, 177, 300,
5000,6, 130, 130, 131, 133, 138, 275,
5000,8, 214, 216, 222, 223, 222, 229, 234, 415,
5000,10, 176, 180, 183, 185, 186, 188, 192, 191, 198, 279,
5000,12, 185, 191, 192, 192, 191, 192, 192, 194, 197, 199, 229, 277,
5000,14, 181, 192, 193, 195, 199, 201, 204, 206, 202, 210, 211, 213, 262, 282,
5000,16, 236, 237, 239, 240, 242, 243, 243, 234, 243, 234, 244, 236, 246, 254, 288, 303,
5000,18, 134, 146, 143, 146, 121, 147, 147, 146, 149, 142, 148, 151, 131, 153, 153, 152, 208, 223,
5000,20, 354, 356, 328, 356, 357, 357, 314, 356, 313, 359, 338, 307, 270, 363, 280, 353, 285, 382, 405, 433,
5000,22, 253, 199, 278, 283, 286, 256, 310, 293, 220, 275, 321, 215, 304, 307, 302, 222, 284, 327, 288, 339, 369, 382,
5000,24, 124, 136, 150, 154, 159, 159, 170, 157, 179, 190, 192, 200, 205, 201, 209, 199, 213, 186, 199, 212, 202, 255, 279, 288,
5000,26, 372, 415, 352, 418, 410, 274, 274, 423, 439, 428, 450, 435, 443, 462, 449, 449, 467, 463, 469, 463, 468, 410, 448, 511, 519, 529,
5000,28, 207, 232, 213, 260, 242, 259, 298, 279, 283, 238, 266, 298, 199, 282, 295, 296, 252, 261, 275, 296, 294, 305, 306, 270, 327, 356, 359, 370,
5000,30, 275, 274, 273, 279, 281, 284, 283, 283, 170, 285, 278, 236, 195, 290, 287, 272, 199, 287, 273, 266, 295, 292, 185, 280, 297, 302, 387, 411, 415, 416,
5000,32, 223, 242, 247, 206, 251, 242, 267, 268, 273, 275, 269, 285, 282, 287, 288, 284, 290, 290, 291, 289, 304, 309, 299, 300, 283, 315, 318, 305, 359, 359, 379, 390,
10000,1, 3439,
10000,2, 2053, 2291,
10000,4, 1120, 1126, 1197, 1729,
10000,6, 734, 736, 738, 749, 763, 1289,
10000,8, 768, 837, 854, 857, 866, 879, 911, 1493,
10000,10, 682, 700, 699, 699, 705, 733, 755, 764, 769, 1193,
10000,12, 1007, 1010, 1013, 1017, 1032, 1061, 1066, 1073, 1077, 1092, 1160, 1518,
10000,14, 510, 516, 621, 625, 626, 627, 627, 629, 629, 630, 632, 639, 780, 999,
10000,16, 757, 764, 772, 774, 779, 783, 784, 794, 796, 810, 811, 814, 809, 821, 1017, 1100,
10000,18, 823, 834, 834, 845, 845, 851, 853, 854, 860, 862, 846, 868, 868, 868, 868, 873, 1153, 1239,
10000,20, 854, 858, 840, 866, 867, 848, 871, 867, 875, 874, 846, 878, 884, 887, 887, 893, 893, 900, 1110, 1141,
10000,22, 990, 967, 992, 1004, 981, 971, 1007, 1011, 1007, 1012, 976, 1014, 1013, 978, 1011, 1018, 1003, 1019, 1034, 1046, 1281, 1341,
10000,24, 1028, 1049, 1028, 1046, 1068, 1075, 1070, 1070, 1027, 983, 1034, 1083, 1084, 1084, 1061, 1017, 1088, 1036, 1043, 1041, 1057, 1383, 1553, 1562,
10000,26, 1159, 1168, 1172, 1178, 1176, 1177, 1172, 1187, 1092, 1188, 1193, 1113, 1193, 1189, 1200, 1163, 1107, 1204, 1168, 1192, 1206, 1200, 1175, 1421, 1430, 1513,
10000,28, 1418, 1424, 1435, 1431, 1429, 1443, 1454, 1457, 1456, 1448, 1465, 1464, 1433, 1468, 1424, 1467, 1475, 1471, 1464, 1475, 1468, 1471, 1461, 1486, 1543, 1662, 1694, 1718,
10000,30, 1112, 1450, 1278, 1279, 1469, 1458, 1472, 1478, 1485, 1510, 1526, 1526, 1527, 1528, 1526, 1537, 1365, 1542, 1548, 1550, 1549, 1553, 1554, 1564, 1566, 1597, 1613, 1751, 1773, 1837,
10000,32, 1045, 1067, 1075, 1066, 1040, 1090, 1087, 1076, 1097, 1112, 1114, 1129, 1116, 1102, 1106, 1124, 1073, 1142, 1097, 1142, 1110, 1117, 1123, 1135, 1140, 1122, 1143, 1153, 1189, 1328, 1375, 1403,
15000,1, 7100,
15000,2, 4047, 4825,
15000,4, 2980, 3172, 3224, 4011,
15000,6, 1961, 2010, 2031, 2085, 2085, 3260,
15000,8, 1836, 1865, 1889, 1979, 2041, 2063, 2064, 3129,
15000,10, 1472, 1517, 1554, 1572, 1618, 1682, 1725, 1736, 1763, 2947,
15000,12, 1681, 1724, 1740, 1767, 1768, 1772, 1783, 1786, 1787, 1813, 1950, 2930,
15000,14, 1399, 1422, 1425, 1427, 1472, 1562, 1578, 1607, 1608, 1615, 1620, 1634, 2036, 2604,
15000,16, 1393, 1399, 1423, 1415, 1486, 1504, 1500, 1502, 1517, 1527, 1530, 1530, 1541, 1534, 2195, 2828,
15000,18, 1394, 1377, 1393, 1423, 1405, 1403, 1430, 1412, 1413, 1419, 1421, 1445, 1430, 1455, 1438, 1490, 2049, 2201,
15000,20, 1468, 1492, 1458, 1470, 1502, 1492, 1489, 1505, 1510, 1521, 1534, 1551, 1539, 1539, 1556, 1561, 1547, 1562, 2512, 2763,
15000,22, 1374, 1389, 1397, 1395, 1401, 1401, 1409, 1407, 1400, 1429, 1431, 1447, 1448, 1452, 1454, 1455, 1458, 1465, 1633, 1660, 2324, 2437,
15000,24, 1475, 1507, 1500, 1521, 1501, 1504, 1530, 1526, 1549, 1555, 1549, 1541, 1537, 1560, 1561, 1564, 1562, 1572, 1565, 1574, 1552, 1804, 2367, 2406,
15000,26, 2157, 2147, 2159, 2158, 2157, 2099, 2156, 2184, 2167, 2095, 2195, 2206, 2196, 2212, 2226, 2228, 2236, 2235, 2245, 2247, 2126, 2181, 2435, 2511, 2875, 2976,
15000,28, 1470, 1574, 1603, 1605, 1571, 1636, 1662, 1664, 1680, 1683, 1668, 1691, 1669, 1619, 1642, 1705, 1714, 1722, 1653, 1659, 1728, 1741, 1745, 1756, 1761, 2453, 2600, 2771,
15000,30, 1844, 1892, 1887, 1886, 1915, 1918, 1869, 1898, 1862, 1877, 1893, 1930, 1934, 1955, 1971, 1962, 1964, 1946, 1938, 1978, 2007, 2010, 1997, 1977, 1977, 2026, 1952, 2567, 2449, 2948,
15000,32, 1357, 1418, 1469, 1471, 1473, 1460, 1469, 1508, 1512, 1462, 1509, 1504, 1475, 1512, 1507, 1518, 1488, 1536, 1537, 1486, 1536, 1559, 1541, 1542, 1547, 1584, 1537, 1630, 1705, 2060, 2090, 2350,
20000,1, 17271,
20000,2, 8610, 10914,
20000,4, 4850, 4869, 5036, 7180,
20000,6, 5017, 5060, 5118, 5120, 5140, 6811,
20000,8, 4092, 4135, 4162, 4482, 4484, 4503, 4547, 6525,
20000,10, 3464, 3465, 3479, 3497, 3679, 3692, 3696, 3756, 3762, 5672,
20000,12, 3317, 3368, 3403, 3406, 3457, 3458, 3458, 3475, 3538, 3548, 3731, 5306,
20000,14, 3544, 3546, 3550, 3568, 3584, 3595, 3601, 3601, 3609, 3613, 3646, 3717, 4094, 5357,
20000,16, 3581, 3645, 3643, 3655, 3663, 3701, 3707, 3715, 3732, 3766, 3772, 3787, 3805, 3837, 4692, 5262,
20000,18, 3092, 3085, 3096, 3089, 3096, 3089, 3096, 3113, 3102, 3123, 3125, 3117, 3137, 3147, 3299, 3316, 4341, 4735,
20000,20, 2809, 2849, 2943, 3024, 3046, 3048, 3054, 3090, 3058, 3091, 3045, 3057, 3058, 3119, 3096, 3157, 3167, 3126, 4707, 4795,
20000,22, 2716, 2725, 2742, 2717, 2796, 2807, 2812, 2820, 2824, 2830, 2841, 2846, 2847, 2833, 2855, 2710, 2776, 2867, 2987, 3006, 4241, 4308,
20000,24, 2804, 2819, 2864, 2865, 2925, 2895, 2904, 2975, 2982, 2996, 3001, 3014, 2959, 2967, 3024, 3042, 3053, 3049, 3057, 3039, 3117, 3380, 4537, 4596,
20000,26, 2860, 2863, 2895, 2908, 2654, 2923, 2673, 2918, 2905, 2956, 2924, 2965, 2974, 2982, 2741, 2961, 2988, 3012, 2974, 3010, 2796, 3085, 3100, 3920, 4481, 4694,
20000,28, 4336, 4363, 4379, 4392, 4301, 4496, 4512, 4528, 4336, 4546, 4553, 4563, 4169, 4567, 4443, 4595, 4623, 4640, 4651, 4470, 4488, 4707, 4712, 4712, 4629, 5381, 5731, 6177,
20000,30, 3936, 4029, 4039, 4118, 4134, 4132, 4180, 4152, 4185, 4193, 4214, 4234, 4244, 4265, 4274, 4266, 4287, 4294, 4301, 4312, 4321, 4301, 4351, 4355, 4348, 4414, 4587, 5112, 5386, 5617,
20000,32, 4202, 4278, 4313, 4371, 4554, 5085, 5118, 5363, 5424, 5469, 5493, 5498, 5513, 5523, 5524, 5580, 5630, 5641, 5655, 5660, 5668, 5665, 5672, 5690, 5714, 5716, 5719, 5735, 5775, 6470, 6915, 7112,
25000,1, 24326,
25000,2, 11622, 14637,
25000,4, 6923, 7014, 7031, 10391,
25000,6, 6016, 6098, 6108, 6122, 6161, 9533,
25000,8, 6115, 6223, 6552, 6639, 6691, 6714, 6760, 9799,
25000,10, 4636, 4708, 4771, 4781, 4789, 4833, 4861, 4872, 4946, 8072,
25000,12, 4093, 4141, 4154, 4183, 4229, 4239, 4258, 4260, 4293, 4324, 4632, 7148,
25000,14, 3766, 3858, 3865, 3879, 3895, 3908, 3910, 3927, 3943, 3948, 4031, 4044, 4556, 6577,
25000,16, 4242, 4266, 4278, 4310, 4329, 4343, 4337, 4383, 4394, 4379, 4405, 4411, 4422, 4444, 5398, 6695,
25000,18, 5544, 5650, 5758, 5757, 5797, 5802, 5805, 5824, 5834, 5835, 5839, 5821, 5858, 5854, 5880, 5886, 7480, 8249,
25000,20, 5506, 5559, 5591, 5615, 5618, 5647, 5666, 5415, 5700, 5732, 5758, 5775, 5782, 5532, 5825, 5587, 5856, 5897, 7653, 8077,
25000,22, 4116, 4210, 4187, 4260, 4273, 4244, 4302, 4207, 4287, 4305, 4301, 4345, 4303, 4353, 4305, 4342, 4346, 4366, 4413, 4643, 6648, 6836,
25000,24, 4333, 4335, 4335, 4331, 4374, 4402, 4427, 4426, 4418, 4418, 4433, 4463, 4473, 4480, 4478, 4507, 4522, 4500, 4526, 4553, 4570, 5085, 6561, 6683,
25000,26, 4402, 4426, 4443, 4459, 4471, 4501, 4542, 4554, 4573, 4580, 4588, 4594, 4609, 4612, 4613, 4626, 4633, 4656, 4651, 4703, 4785, 4787, 4848, 5936, 6751, 6871,
25000,28, 5081, 5162, 5161, 5178, 5183, 5185, 5186, 5199, 5176, 5209, 5205, 5228, 5244, 5255, 5308, 5319, 5313, 5304, 5325, 5361, 5366, 5391, 5442, 5459, 5552, 6222, 7210, 7279,
25000,30, 4518, 4574, 4591, 4628, 4670, 4750, 4826, 4873, 4890, 4911, 4972, 4985, 5018, 4982, 5008, 5054, 5027, 5085, 5020, 5092, 5105, 5101, 5165, 5161, 5133, 5127, 5319, 6529, 6825, 7084,
25000,32, 3773, 3666, 3805, 4117, 3918, 4062, 4112, 4185, 4187, 4030, 4186, 4150, 4136, 4244, 4298, 4224, 4364, 4187, 4410, 4055, 4392, 4387, 4202, 4444, 4442, 4427, 4586, 4682, 4738, 6088, 6133, 6542,
30000,1, 38288,
30000,2, 18657, 23602,
30000,4, 10205, 10256, 10434, 14953,
30000,6, 6648, 6694, 6705, 6722, 6883, 11760,
30000,8, 6833, 6931, 7056, 7328, 7338, 7463, 7515, 12251,
30000,10, 6691, 7085, 7091, 7188, 7248, 7333, 7355, 7392, 7417, 12329,
30000,12, 5216, 5361, 5396, 5408, 5440, 5592, 5630, 5695, 5719, 5793, 5918, 9870,
30000,14, 5709, 5760, 5769, 5793, 5847, 5848, 5891, 5893, 5899, 5917, 5926, 6000, 6811, 9969,
30000,16, 5433, 5513, 5527, 5533, 5562, 5574, 5589, 5614, 5623, 5627, 5636, 5628, 5658, 5673, 7065, 9440,
30000,18, 5167, 5203, 5379, 5400, 5421, 5461, 5475, 5507, 5514, 5529, 5543, 5547, 5562, 5576, 5580, 5646, 7686, 9011,
30000,20, 5689, 5726, 5775, 5801, 5794, 5807, 5823, 5821, 5851, 5858, 5882, 5894, 5895, 5930, 5969, 5977, 5984, 5988, 8609, 9386,
30000,22, 9315, 9462, 9467, 9455, 9466, 9469, 9560, 9560, 9584, 9658, 9669, 9692, 9681, 9690, 9733, 9727, 10049, 10056, 9778, 9830, 12328, 12581,
30000,24, 8784, 8829, 8868, 8881, 8929, 8981, 8980, 9051, 8985, 9053, 9068, 9071, 9082, 9084, 9055, 9078, 9085, 9146, 9145, 9203, 9198, 9637, 11820, 12010,
30000,26, 7165, 7172, 7191, 7222, 7245, 7237, 7270, 7333, 7214, 7203, 7348, 7352, 7351, 7356, 7352, 7406, 7407, 7422, 7561, 7579, 7617, 7603, 7663, 8890, 10568, 10724,
30000,28, 8053, 8332, 8325, 8243, 8406, 8345, 8430, 8500, 8500, 8503, 8472, 8529, 8556, 8557, 8563, 8396, 8524, 8649, 8514, 8735, 8676, 8652, 8555, 8607, 8595, 10036, 10915, 11469,
30000,30, 5454, 5487, 5470, 5481, 5455, 5513, 5627, 5555, 5624, 5646, 5660, 5527, 5771, 5732, 5692, 5799, 5790, 5775, 5779, 5838, 5852, 5697, 5913, 5718, 5895, 5920, 5937, 7673, 8205, 8754,
30000,32, 6577, 6713, 6848, 6880, 6872, 6994, 7011, 7019, 7037, 7036, 7047, 7143, 7141, 7162, 7175, 7200, 7230, 7261, 7314, 7335, 7331, 7339, 7360, 7393, 7444, 7479, 7367, 7616, 7619, 9587, 9858, 10518,
35000,1, 72491,
35000,2, 34604, 41999,
35000,4, 18695, 18762, 19046, 25990,
35000,6, 13939, 14106, 14281, 14449, 14507, 21635,
35000,8, 10734, 10885, 11019, 11166, 11190, 11279, 11301, 18342,
35000,10, 9992, 10167, 10217, 10222, 10300, 10303, 10340, 10455, 10965, 17653,
35000,12, 8601, 8628, 8623, 8633, 8662, 8666, 8726, 8832, 8841, 8918, 9394, 15758,
35000,14, 8864, 8879, 8943, 8982, 8990, 9100, 9110, 9240, 9271, 9288, 9300, 9324, 10579, 15172,
35000,16, 9488, 9515, 9517, 9531, 9593, 9600, 9615, 9654, 9658, 9702, 9697, 9734, 9749, 9788, 11794, 15025,
35000,18, 9124, 9141, 9157, 9166, 9190, 9205, 9217, 9228, 9243, 9228, 9275, 9286, 9292, 9303, 9305, 9282, 11929, 14478,
35000,20, 10920, 10964, 10973, 10978, 10992, 11008, 11026, 11044, 11052, 11078, 11099, 11105, 11128, 11143, 11153, 11171, 11204, 11208, 14316, 15648,
35000,22, 8753, 8753, 8785, 8834, 8939, 8982, 9030, 9024, 9051, 9036, 9061, 9077, 9081, 9097, 9162, 9183, 9214, 9250, 9255, 9296, 12940, 13204,
35000,24, 9793, 9801, 9836, 9904, 9906, 9916, 9927, 10000, 10074, 10079, 10086, 9999, 10092, 10118, 10147, 10083, 10189, 9978, 10174, 10209, 10346, 11320, 14235, 14526,
35000,26, 12375, 12504, 12570, 12562, 12714, 12673, 12777, 12837, 12805, 12837, 12920, 12928, 12908, 12847, 12986, 12994, 13013, 13029, 12913, 12989, 13055, 13083, 13045, 14093, 16470, 16750,
35000,28, 12482, 12629, 12633, 12633, 12634, 12666, 12667, 12670, 12724, 12730, 12761, 12794, 12807, 12836, 12879, 12836, 13030, 12939, 13119, 13057, 13202, 13206, 13150, 13204, 13410, 15581, 17279, 18006,
35000,30, 9188, 9297, 9489, 9499, 9551, 9529, 9618, 9458, 9647, 9629, 9666, 9694, 9709, 9721, 9501, 9739, 9767, 9728, 9842, 9586, 9638, 9887, 9908, 9998, 9973, 9878, 9780, 12648, 13332, 14226,
35000,32, 9370, 9381, 9682, 9881, 9929, 9973, 9953, 9999, 10042, 10101, 10110, 10068, 10111, 10162, 10191, 10170, 10261, 10238, 10253, 10295, 10245, 10315, 10320, 10326, 10331, 10374, 10393, 10444, 10469, 12680, 13995, 14081,
40000,1, 91300,
40000,2, 44797, 53702,
40000,4, 22860, 23356, 23431, 33485,
40000,6, 16622, 16987, 17147, 17210, 17233, 26984,
40000,8, 13935, 14202, 14291, 14360, 14485, 14516, 14611, 24237,
40000,10, 12572, 12977, 13051, 13117, 13131, 13170, 13180, 13205, 13344, 23061,
40000,12, 11160, 11430, 11452, 11467, 11481, 11490, 11541, 11607, 11607, 11625, 11688, 20982,
40000,14, 11029, 11216, 11229, 11272, 11301, 11373, 11384, 11427, 11498, 11505, 11515, 11692, 12812, 19812,
40000,16, 10331, 10348, 10488, 10556, 10615, 10672, 10707, 10748, 10817, 10814, 10840, 11014, 11027, 11061, 13620, 18427,
40000,18, 13240, 13215, 13324, 13364, 13397, 13411, 13441, 13503, 13628, 13637, 13709, 13727, 13775, 13799, 13807, 13775, 17394, 20393,
40000,20, 12618, 12664, 12673, 12707, 12787, 12793, 12798, 12800, 12815, 12814, 12828, 12897, 12937, 12939, 12971, 12973, 13001, 13007, 17103, 19354,
40000,22, 12082, 12234, 12240, 12268, 12303, 12331, 12377, 12379, 12386, 12406, 12426, 12425, 12447, 12535, 12546, 12544, 12588, 12647, 12669, 12756, 17753, 18438,
40000,24, 13686, 13791, 13813, 13894, 13962, 14049, 14053, 14098, 14144, 14139, 14181, 14197, 14260, 14256, 14259, 14238, 14331, 14340, 14363, 14393, 14445, 15110, 19916, 20199,
40000,26, 12707, 12935, 12977, 13012, 13020, 13158, 13179, 13190, 13201, 13219, 13224, 13239, 13211, 13262, 13278, 13292, 13344, 13363, 13422, 13378, 13436, 13472, 13540, 14528, 17637, 18267,
40000,28, 14672, 14678, 14778, 14963, 14992, 14967, 14992, 15085, 15090, 15110, 15122, 15112, 15129, 15143, 15185, 15208, 15176, 15166, 15149, 15216, 15233, 15320, 15285, 15314, 15326, 17212, 19209, 20160,
40000,30, 13293, 13800, 13883, 13955, 14050, 14122, 14184, 14376, 14407, 14492, 14498, 14503, 14508, 14565, 14585, 14593, 14600, 14621, 14633, 14661, 14702, 14727, 14741, 14750, 14754, 14806, 14873, 16967, 18528, 19471,
40000,32, 15398, 15575, 15647, 15752, 15786, 15840, 15939, 15967, 15925, 15981, 16103, 16177, 16192, 16186, 16238, 16197, 16301, 16346, 16359, 16387, 16391, 14979, 16378, 16367, 16412, 15030, 16430, 16481, 16749, 19338, 20001, 21177,
45000,1, 121956,
45000,2, 60172, 73595,
45000,4, 30893, 30950, 31324, 44967,
45000,6, 22301, 22325, 22627, 22636, 22418, 35146,
45000,8, 20455, 20525, 20572, 20608, 20655, 20721, 21049, 33739,
45000,10, 16237, 16347, 16672, 16685, 16901, 17518, 17651, 17686, 17725, 30884,
45000,12, 13921, 14001, 14086, 14306, 14369, 14417, 14449, 14648, 14650, 14885, 15253, 26812,
45000,14, 13527, 13585, 13769, 14014, 14082, 14094, 14190, 14295, 14305, 14362, 14407, 14411, 16217, 25444,
45000,16, 13809, 13977, 14080, 14102, 14152, 14201, 14320, 14476, 14588, 14603, 14637, 14538, 14702, 14800, 17087, 24828,
45000,18, 16451, 16601, 16613, 16803, 17064, 17259, 17301, 17326, 17416, 17533, 17670, 17687, 17720, 17752, 17793, 17807, 21980, 26130,
45000,20, 14060, 14237, 14244, 14287, 14280, 14342, 14333, 14384, 14398, 14395, 14404, 14412, 14495, 14481, 14538, 14497, 14578, 14561, 19717, 22739,
45000,22, 15782, 15805, 15940, 16045, 16080, 16111, 16051, 16058, 16174, 16198, 16195, 16059, 16208, 16236, 16257, 16190, 16160, 16165, 16380, 16514, 22532, 23350,
45000,24, 17675, 17715, 17789, 17812, 17839, 17870, 17900, 17894, 17907, 17925, 17955, 17961, 17980, 17985, 18030, 18024, 18004, 18042, 18080, 18158, 18170, 18605, 25319, 25829,
45000,26, 17482, 17822, 17892, 17921, 17999, 18141, 18217, 18262, 18279, 18374, 18402, 18461, 18540, 18546, 18575, 18522, 18528, 18607, 18613, 18620, 18640, 18600, 18641, 20697, 25275, 25800,
45000,28, 15900, 15884, 15777, 16117, 16152, 16078, 16173, 16127, 16068, 16272, 16328, 16412, 16471, 16463, 16396, 16493, 16534, 16571, 16646, 16626, 16709, 16670, 16784, 16917, 17108, 19030, 22767, 23559,
45000,30, 16102, 16407, 16522, 16601, 16481, 16772, 16845, 16654, 16891, 17062, 17082, 17059, 17209, 17137, 17227, 17297, 17382, 17161, 17423, 17385, 17494, 17487, 17474, 17495, 17631, 17477, 17723, 20508, 24021, 24142,
45000,32, 20462, 20481, 20920, 21059, 21111, 21154, 20958, 21297, 21084, 21018, 21394, 21447, 21130, 21260, 21284, 21226, 21269, 21628, 21390, 21664, 21700, 21485, 21492, 21803, 21848, 21358, 21664, 21420, 21749, 25360, 26591, 28019,
50000,1, 132182,
50000,2, 60846, 75162,
50000,4, 32007, 33409, 33512, 49218,
50000,6, 24123, 24259, 24500, 24615, 24653, 41609,
50000,8, 18592, 18870, 19289, 19408, 19530, 19704, 19923, 37163,
50000,10, 16077, 16320, 18303, 18501, 18588, 18892, 18977, 18984, 19052, 35434,
50000,12, 16054, 16348, 16442, 16449, 16455, 16578, 16635, 16642, 16742, 17078, 17246, 32942,
50000,14, 14063, 14087, 14159, 14376, 14735, 15000, 15041, 15122, 15128, 15161, 15205, 15349, 17369, 29277,
50000,16, 15054, 15093, 15118, 15205, 15227, 15254, 15271, 15323, 15324, 15346, 15378, 15417, 15438, 15455, 19347, 28683,
50000,18, 15027, 15232, 15339, 15376, 15395, 15441, 15451, 15457, 15471, 15475, 15506, 15531, 15544, 15578, 15594, 15600, 20758, 27596,
50000,20, 16415, 16496, 16534, 16619, 16649, 16684, 16686, 16691, 16693, 16703, 16760, 16770, 16775, 16844, 16889, 16902, 16917, 17039, 24028, 27464,
50000,22, 18480, 18557, 18651, 18626, 18679, 18684, 18704, 18765, 18763, 18818, 18815, 18831, 18831, 18818, 18849, 18837, 18873, 18904, 18909, 18915, 26921, 28050,
50000,24, 18558, 18565, 18579, 18604, 18660, 18624, 18704, 18711, 18726, 18769, 18765, 18821, 18768, 18839, 18871, 18903, 18897, 18932, 18915, 18969, 18943, 19501, 27800, 28503,
50000,26, 16866, 16929, 17081, 17270, 17294, 17324, 17380, 17423, 17441, 17445, 17457, 17488, 17576, 17579, 17575, 17589, 17657, 17651, 17694, 17707, 17709, 17709, 17849, 19878, 26873, 27214,
50000,28, 16531, 16890, 16925, 16961, 16921, 16985, 16715, 16827, 17001, 17103, 17080, 17013, 17129, 17126, 17188, 17219, 17265, 17027, 17267, 17280, 17340, 17349, 17358, 17212, 17401, 19734, 24350, 25699,
50000,30, 18477, 18916, 18991, 18964, 19289, 19406, 19239, 19473, 19209, 19455, 19492, 19604, 19597, 19586, 19684, 19498, 19731, 19567, 19737, 19768, 19525, 19535, 19594, 19564, 19871, 19912, 19831, 22866, 26053, 27312,
50000,32, 19247, 19308, 19365, 19651, 19586, 19856, 19711, 19739, 19764, 19799, 19819, 19856, 19872, 19904, 20121, 19941, 19938, 19973, 19978, 19992, 20003, 20007, 20078, 20108, 20109, 20168, 20226, 20286, 20315, 24244, 26603, 28250,
