1000,1, 17,
1000,2, 16, 25,
1000,4, 20, 22, 24, 29,
1000,6, 24, 23, 25, 23, 25, 28,
1000,8, 10, 30, 31, 34, 37, 38, 41, 45,
1000,10, 11, 31, 50, 65, 65, 65, 66, 66, 67, 67,
1000,12, 11, 19, 20, 21, 26, 30, 29, 30, 33, 34, 35, 24,
1000,14, 21, 34, 32, 73, 102, 105, 134, 152, 153, 154, 78, 153, 101, 101,
1000,16, 9, 13, 41, 56, 77, 83, 84, 85, 86, 87, 47, 55, 57, 57, 58, 58,
1000,18, 10, 16, 34, 49, 53, 77, 85, 86, 86, 85, 87, 86, 88, 88, 77, 88, 80, 88,
1000,20, 7, 30, 28, 34, 40, 73, 97, 151, 151, 150, 149, 152, 150, 150, 150, 129, 129, 66, 31, 44,
1000,22, 14, 18, 22, 20, 23, 22, 22, 24, 10, 8, 26, 15, 12, 9, 14, 10, 15, 17, 14, 24, 33, 24,
1000,24, 6, 7, 9, 10, 5, 11, 72, 86, 127, 133, 133, 133, 134, 108, 131, 128, 103, 129, 134, 130, 96, 105, 96, 88,
1000,26, 9, 13, 17, 12, 54, 56, 61, 93, 115, 132, 152, 145, 197, 171, 129, 198, 130, 203, 108, 147, 132, 93, 95, 77, 90, 83,
1000,28, 21, 20, 20, 26, 20, 18, 22, 24, 12, 25, 27, 24, 26, 25, 23, 13, 24, 26, 25, 28, 9, 37, 38, 39, 39, 41, 42, 44,
1000,30, 6, 14, 16, 18, 14, 17, 18, 17, 16, 19, 6, 6, 8, 6, 6, 4, 7, 7, 10, 8, 10, 11, 9, 16, 25, 37, 36, 34, 35, 35,
1000,32, 29, 31, 36, 28, 40, 43, 27, 47, 54, 55, 64, 85, 93, 99, 84, 168, 133, 188, 232, 238, 223, 136, 236, 187, 227, 110, 137, 96, 116, 105, 103, 97,
5000,1, 201,
5000,2, 62, 170,
5000,4, 48, 71, 109, 153,
5000,6, 39, 51, 80, 93, 177, 212,
5000,8, 102, 109, 131, 139, 169, 188, 198, 239,
5000,10, 181, 184, 200, 208, 230, 241, 253, 277, 300, 371,
5000,12, 31, 105, 112, 134, 136, 168, 189, 252, 253, 265, 276, 303,
5000,14, 34, 50, 108, 163, 167, 189, 189, 211, 220, 243, 258, 274, 287, 293,
5000,16, 50, 51, 108, 158, 161, 183, 187, 203, 222, 265, 266, 264, 291, 283, 280, 330,
5000,18, 75, 236, 246, 252, 259, 261, 282, 283, 301, 329, 334, 342, 344, 380, 365, 376, 395, 414,
5000,20, 19, 25, 42, 83, 87, 113, 113, 123, 139, 142, 143, 170, 173, 182, 215, 239, 246, 237, 247, 256,
5000,22, 28, 76, 79, 104, 124, 182, 187, 194, 186, 183, 204, 264, 258, 269, 259, 186, 193, 201, 208, 207, 231, 243,
5000,24, 40, 148, 286, 297, 338, 340, 358, 319, 338, 316, 372, 355, 337, 356, 376, 358, 389, 432, 364, 417, 440, 416, 419, 456,
5000,26, 41, 45, 43, 65, 77, 164, 173, 210, 226, 236, 236, 254, 261, 270, 295, 273, 245, 265, 266, 233, 246, 243, 258, 298, 307, 307,
5000,28, 206, 281, 439, 767, 775, 775, 775, 795, 799, 812, 826, 851, 858, 873, 887, 889, 894, 829, 921, 826, 825, 835, 797, 515, 881, 854, 707, 736,
5000,30, 73, 167, 350, 548, 986, 994, 992, 999, 1010, 1014, 1019, 1036, 1040, 1042, 1056, 1062, 1104, 1116, 1119, 1122, 1144, 1159, 1083, 832, 1173, 719, 1193, 876, 708, 792,
5000,32, 16, 17, 26, 38, 51, 62, 81, 83, 89, 112, 114, 107, 129, 164, 158, 167, 156, 165, 204, 209, 218, 198, 213, 219, 231, 224, 247, 304, 309, 312, 288, 290,
10000,1, 606,
10000,2, 220, 609,
10000,4, 80, 178, 429, 612,
10000,6, 81, 137, 243, 353, 455, 693,
10000,8, 104, 134, 217, 308, 383, 503, 598, 697,
10000,10, 99, 147, 191, 245, 359, 488, 545, 577, 806, 879,
10000,12, 92, 232, 256, 354, 387, 440, 479, 523, 708, 780, 793, 888,
10000,14, 59, 146, 180, 224, 291, 312, 398, 434, 525, 577, 624, 675, 762, 961,
10000,16, 252, 275, 299, 319, 381, 417, 439, 586, 605, 669, 706, 798, 1027, 1049, 1099, 1173,
10000,18, 315, 333, 369, 385, 435, 470, 527, 485, 593, 670, 719, 774, 899, 879, 841, 964, 928, 1011,
10000,20, 71, 100, 234, 309, 351, 366, 418, 449, 563, 633, 640, 703, 774, 833, 837, 806, 777, 865, 996, 1027,
10000,22, 227, 697, 721, 726, 751, 784, 856, 897, 965, 1017, 1037, 1141, 1187, 1114, 1242, 1287, 1415, 1302, 1408, 1316, 1364, 1452,
10000,24, 172, 479, 483, 532, 503, 614, 678, 680, 712, 782, 797, 856, 795, 878, 899, 983, 952, 1078, 1026, 1063, 1037, 1102, 1112, 1189,
10000,26, 40, 95, 157, 165, 182, 317, 337, 336, 360, 378, 416, 425, 542, 671, 710, 754, 821, 899, 975, 919, 1011, 1014, 999, 1074, 1100, 1143,
10000,28, 136, 631, 1010, 1105, 1137, 1129, 1130, 1185, 1207, 1213, 1221, 1360, 1371, 1367, 1370, 1310, 1444, 1448, 1478, 1465, 1588, 1672, 1610, 1663, 1728, 1526, 1757, 1707,
10000,30, 145, 533, 827, 850, 869, 919, 948, 982, 1033, 1076, 1151, 1190, 1249, 1252, 1410, 1460, 1496, 1498, 1525, 1535, 1729, 1733, 1514, 1507, 1635, 1752, 1179, 1450, 1363, 1571,
10000,32, 113, 365, 562, 575, 606, 548, 618, 663, 696, 824, 781, 888, 765, 821, 902, 890, 945, 956, 966, 1033, 1045, 1077, 1141, 1084, 1090, 1157, 1220, 1263, 1403, 1379, 1373, 1389,
15000,1, 1313,
15000,2, 362, 1427,
15000,4, 156, 393, 803, 1362,
15000,6, 117, 236, 404, 833, 1139, 1694,
15000,8, 151, 216, 390, 624, 776, 1074, 1279, 1769,
15000,10, 96, 159, 266, 413, 543, 857, 948, 1297, 1536, 1716,
15000,12, 148, 187, 330, 478, 615, 653, 712, 1144, 1206, 1525, 1705, 1900,
15000,14, 97, 146, 284, 429, 459, 650, 663, 794, 928, 1362, 1540, 1922, 2077, 2275,
15000,16, 90, 245, 301, 367, 454, 774, 857, 922, 1055, 1099, 1301, 1374, 1621, 1735, 2086, 2209,
15000,18, 239, 272, 317, 375, 530, 623, 636, 791, 918, 932, 1381, 1617, 1683, 1794, 1924, 1992, 2377, 2402,
15000,20, 596, 617, 691, 816, 843, 978, 1102, 1171, 1347, 1515, 1588, 1875, 1945, 2017, 2325, 2329, 2525, 2568, 2787, 2870,
15000,22, 58, 90, 168, 188, 255, 346, 439, 555, 590, 674, 736, 890, 1424, 1442, 1551, 1576, 1783, 2055, 2095, 2141, 2189, 2321,
15000,24, 508, 727, 729, 802, 847, 914, 1042, 1189, 1208, 1380, 1468, 1508, 1845, 1953, 2029, 2135, 2060, 2273, 2437, 2438, 2734, 2712, 2947, 2980,
15000,26, 50, 193, 219, 253, 342, 402, 504, 667, 808, 856, 989, 1099, 1190, 1287, 1481, 1683, 1880, 1989, 2085, 2195, 2210, 2300, 2607, 2696, 2844, 2932,
15000,28, 273, 870, 923, 946, 1044, 1051, 1212, 1235, 1390, 1525, 1713, 1763, 2027, 1922, 2137, 2243, 2234, 2306, 2391, 2436, 2433, 2836, 2897, 2980, 3087, 3055, 3216, 3311,
15000,30, 55, 219, 245, 476, 737, 754, 785, 918, 1012, 1077, 1177, 1290, 1399, 1411, 1796, 1806, 1915, 2008, 2053, 2558, 2552, 2775, 2836, 2719, 2773, 2892, 3082, 3288, 3456, 3521,
15000,32, 35, 109, 184, 254, 430, 495, 530, 630, 766, 829, 856, 924, 1082, 1124, 1325, 1331, 1453, 1683, 1749, 1779, 1876, 1899, 1776, 2235, 2446, 2445, 2562, 2599, 2709, 3091, 3091, 3205,
20000,1, 2664,
20000,2, 643, 3289,
20000,4, 262, 767, 1579, 3153,
20000,6, 163, 495, 852, 1583, 2090, 2515,
20000,8, 117, 295, 531, 886, 1378, 2148, 2615, 2974,
20000,10, 169, 302, 481, 792, 1112, 1352, 1917, 2239, 3046, 3450,
20000,12, 150, 255, 475, 687, 1032, 1213, 1561, 1786, 2057, 2383, 2613, 3031,
20000,14, 222, 331, 456, 615, 900, 970, 1594, 1600, 1783, 2262, 2767, 3387, 3627, 3869,
20000,16, 340, 396, 512, 679, 924, 990, 1198, 1383, 1738, 2435, 2917, 3048, 3109, 3353, 3705, 4616,
20000,18, 364, 439, 512, 711, 778, 1015, 1205, 1329, 1743, 2088, 2328, 2782, 2978, 3187, 3613, 3742, 3975, 4109,
20000,20, 730, 787, 868, 994, 1165, 1393, 1405, 1658, 2143, 2189, 2404, 2973, 3024, 3245, 3262, 3892, 4576, 4647, 4674, 4834,
20000,22, 688, 760, 826, 901, 1121, 1280, 1630, 1769, 2079, 2275, 2629, 2926, 3168, 3206, 3527, 3589, 4120, 4057, 4253, 4167, 4388, 5348,
20000,24, 466, 499, 618, 676, 806, 1005, 1189, 1336, 1485, 1782, 1868, 2085, 2492, 2628, 3028, 3086, 3178, 3648, 3845, 4574, 4623, 4758, 4876, 4947,
20000,26, 84, 266, 408, 418, 562, 859, 920, 1060, 1229, 1487, 1545, 1920, 2090, 2091, 2914, 2988, 3054, 3122, 3311, 3529, 3988, 4830, 5038, 5286, 5330, 5506,
20000,28, 484, 518, 612, 646, 800, 855, 1099, 1285, 1411, 1416, 1889, 1905, 2380, 2531, 2732, 2865, 3756, 3823, 3851, 3970, 4291, 4424, 4876, 4691, 5016, 5022, 5310, 5305,
20000,30, 340, 413, 542, 586, 748, 792, 1100, 1123, 1257, 2054, 2206, 2413, 2515, 2956, 2990, 3444, 3484, 3976, 3975, 4208, 4411, 4508, 4531, 4925, 5166, 5534, 5635, 5663, 5741, 5782,
20000,32, 511, 619, 702, 763, 895, 1007, 1164, 1324, 1329, 1551, 1923, 2262, 2415, 2413, 3063, 3359, 3407, 3479, 3480, 4066, 4169, 4367, 4427, 4645, 4592, 4890, 4939, 5010, 5025, 5050, 5091, 5191,
25000,1, 4605,
25000,2, 987, 4558,
25000,4, 378, 1228, 2492, 4859,
25000,6, 220, 600, 1292, 2382, 4105, 4970,
25000,8, 194, 494, 871, 1347, 2248, 3243, 4585, 5382,
25000,10, 153, 378, 625, 1100, 1662, 2355, 2800, 3854, 5110, 5677,
25000,12, 270, 398, 584, 841, 1570, 2143, 2474, 3274, 4171, 4208, 4558, 6245,
25000,14, 350, 448, 614, 995, 1214, 1873, 1912, 2542, 3305, 4432, 4643, 5599, 6558, 6695,
25000,16, 431, 564, 685, 1144, 1371, 1757, 2184, 2774, 2846, 3385, 3821, 4612, 4867, 5251, 5766, 6748,
25000,18, 372, 497, 627, 796, 1078, 1310, 1796, 2137, 2786, 2837, 3088, 4102, 4389, 4934, 5460, 5515, 5773, 7093,
25000,20, 496, 591, 732, 1025, 1237, 1483, 1912, 2152, 2780, 3021, 3504, 3732, 4505, 4903, 4865, 5197, 5509, 6354, 6494, 6786,
25000,22, 117, 413, 543, 666, 815, 1160, 1596, 2056, 2201, 2659, 3232, 3289, 4098, 4474, 4910, 5133, 5105, 6027, 6246, 6429, 6357, 6776,
25000,24, 301, 517, 521, 695, 974, 1141, 1678, 2027, 2192, 2627, 2790, 3242, 3592, 3831, 4046, 4886, 5044, 5305, 5895, 6084, 6632, 6869, 7101, 7269,
25000,26, 340, 437, 609, 658, 924, 1073, 1186, 1629, 2237, 2505, 2744, 2837, 3853, 3968, 4391, 4397, 4922, 5031, 5748, 5989, 6233, 6856, 7246, 7349, 7609, 8027,
25000,28, 247, 292, 437, 563, 756, 1003, 1150, 1542, 1769, 2103, 2542, 2757, 3091, 3459, 3597, 4244, 4669, 4637, 4896, 5520, 5866, 5958, 6361, 6618, 7487, 7636, 7643, 7851,
25000,30, 962, 1085, 1200, 1371, 1467, 2440, 4264, 4813, 4918, 5328, 5573, 5765, 6216, 6523, 6757, 7086, 7320, 7199, 7633, 7863, 8142, 8838, 9165, 9334, 9852, 10141, 10353, 10283, 10563, 10556,
25000,32, 849, 862, 1015, 1108, 1247, 1406, 1959, 2312, 3016, 3325, 3557, 4154, 4433, 4710, 4951, 5353, 5560, 5769, 5859, 6286, 6746, 6955, 7575, 7671, 7614, 8386, 7992, 9072, 9284, 9311, 9880, 10156,
30000,1, 6426,
30000,2, 1390, 7189,
30000,4, 427, 1886, 4205, 7174,
30000,6, 324, 778, 1707, 3899, 5876, 8262,
30000,8, 249, 594, 1295, 2075, 4038, 4534, 6677, 7576,
30000,10, 224, 453, 895, 1943, 2789, 2863, 5542, 5778, 7176, 8014,
30000,12, 297, 520, 842, 1639, 2232, 2988, 3242, 4658, 5407, 6451, 6729, 8749,
30000,14, 336, 580, 714, 1026, 2171, 2798, 3531, 4240, 4876, 5265, 6065, 6491, 9196, 9885,
30000,16, 415, 568, 784, 1246, 1663, 2123, 2814, 3866, 4396, 5322, 5374, 6333, 7115, 8693, 9543, 9701,
30000,18, 260, 396, 638, 894, 1541, 2015, 2222, 3265, 3400, 3933, 4735, 5444, 6134, 6495, 7167, 7753, 9015, 9366,
30000,20, 314, 631, 858, 1082, 1731, 1909, 2367, 3175, 3648, 4433, 4478, 5246, 5661, 6151, 7664, 8232, 8581, 9330, 9735, 10010,
30000,22, 654, 799, 1011, 1257, 1558, 2040, 2793, 3284, 3815, 3910, 4941, 5516, 5714, 6306, 6765, 7387, 7702, 8391, 8600, 9648, 9796, 10397,
30000,24, 191, 810, 971, 1226, 1442, 1908, 2445, 2827, 3333, 4129, 4384, 5033, 5572, 5729, 6772, 7308, 7872, 8124, 8812, 9206, 9273, 10330, 11121, 11237,
30000,26, 368, 485, 693, 893, 1115, 1506, 1886, 2061, 2803, 3236, 3840, 4257, 4800, 5207, 5620, 6636, 6820, 7508, 7746, 7979, 9029, 9385, 9629, 10338, 10679, 11178,
30000,28, 143, 346, 462, 629, 981, 1180, 1853, 2023, 2842, 3384, 3689, 4124, 4893, 5146, 5769, 6314, 6572, 7094, 7684, 7737, 8675, 9046, 9490, 9896, 11103, 11159, 11503, 11964,
30000,30, 753, 824, 923, 1134, 1572, 1761, 3104, 3874, 4558, 4681, 5197, 5807, 5928, 6745, 7171, 7266, 8539, 8735, 8840, 9573, 10300, 10311, 11068, 11175, 11312, 12172, 12458, 13037, 13266, 14625,
30000,32, 867, 1053, 1105, 1195, 1522, 1614, 3667, 3738, 4789, 5226, 5499, 5907, 6274, 6472, 6821, 7706, 7818, 8271, 8853, 9751, 9888, 10150, 10967, 11282, 11299, 11986, 12721, 12903, 13303, 13343, 13568, 14029,
35000,1, 9106,
35000,2, 2130, 8981,
35000,4, 624, 2127, 6114, 9846,
35000,6, 365, 1135, 3057, 5148, 7699, 10250,
35000,8, 329, 935, 1949, 3849, 4710, 6188, 9461, 12018,
35000,10, 279, 614, 1167, 2634, 3481, 5057, 6981, 7127, 10389, 12530,
35000,12, 324, 621, 1124, 1711, 2707, 3672, 4913, 6005, 7140, 8650, 10140, 11600,
35000,14, 233, 569, 883, 1566, 2252, 3161, 4184, 5009, 6097, 7016, 8399, 9297, 11004, 11628,
35000,16, 405, 614, 934, 1337, 2175, 2787, 3450, 4123, 5817, 5856, 7676, 8419, 9962, 10640, 12110, 13178,
35000,18, 548, 726, 1082, 1524, 2227, 2889, 3459, 4626, 4742, 6150, 6454, 8071, 8781, 10214, 11532, 11677, 12309, 13464,
35000,20, 773, 979, 1225, 1638, 2242, 2865, 3458, 4085, 4838, 5679, 6400, 7163, 8323, 8918, 9528, 10684, 11733, 12185, 13797, 14597,
35000,22, 576, 753, 966, 1341, 1969, 2327, 2918, 3474, 4638, 4869, 5135, 5855, 7570, 8304, 9316, 10163, 10871, 11638, 11993, 13229, 14726, 15832,
35000,24, 883, 1028, 1405, 1661, 2333, 2858, 3340, 3788, 4689, 4913, 6045, 7238, 7270, 7782, 9035, 9391, 10316, 11932, 12779, 13989, 14056, 14481, 15206, 15516,
35000,26, 77, 359, 596, 837, 1440, 1682, 2285, 3070, 3561, 4712, 5013, 6269, 6935, 7376, 7879, 8723, 9434, 9853, 10673, 11375, 11843, 12792, 14009, 14572, 14879, 14959,
35000,28, 774, 911, 1124, 1419, 1875, 2567, 3326, 4183, 5069, 5744, 5968, 6838, 7067, 7417, 9113, 9896, 10900, 10959, 11628, 12571, 13492, 13736, 13944, 15550, 15848, 16143, 16324, 16455,
35000,30, 658, 855, 953, 1250, 1604, 2336, 4064, 5142, 5211, 6027, 6406, 6476, 7769, 7973, 8924, 10094, 10771, 11138, 12093, 12581, 13004, 14457, 14308, 14324, 15644, 16097, 16621, 17077, 17156, 19145,
35000,32, 1051, 1136, 1452, 1657, 2444, 2469, 3642, 5435, 5913, 6163, 6638, 7640, 7871, 8730, 9173, 9731, 10780, 11124, 12071, 12800, 13212, 13599, 14249, 14926, 15251, 16017, 16917, 17343, 17729, 18239, 19073, 19224,
40000,1, 12658,
40000,2, 3303, 13230,
40000,4, 764, 3429, 7620, 12517,
40000,6, 486, 1607, 4155, 6623, 9505, 14132,
40000,8, 455, 1221, 2513, 4247, 6356, 8687, 10814, 15241,
40000,10, 338, 830, 1902, 2675, 5136, 7316, 8082, 11440, 11670, 15905,
40000,12, 288, 759, 1291, 2594, 3532, 4745, 6470, 7469, 9241, 10892, 12362, 14844,
40000,14, 457, 845, 1151, 1884, 3222, 4696, 5164, 6367, 8117, 9868, 10111, 12232, 15067, 16219,
40000,16, 542, 870, 1234, 1852, 3254, 4620, 4786, 6189, 6801, 7798, 10281, 11957, 12273, 13528, 15933, 18222,
40000,18, 302, 560, 1032, 1685, 2613, 3176, 4162, 4960, 5578, 8011, 9597, 9841, 9843, 11174, 14412, 14836, 16589, 17370,
40000,20, 356, 662, 1008, 1636, 2457, 3150, 3860, 4480, 5866, 6218, 8309, 9650, 9736, 10568, 12655, 12720, 14152, 15801, 17004, 18926,
40000,22, 521, 726, 1078, 1648, 2266, 2947, 3910, 4737, 5319, 6258, 6903, 8499, 10018, 11571, 11817, 12699, 12747, 14404, 16617, 17192, 19025, 19651,
40000,24, 1082, 1241, 1560, 2018, 2606, 3122, 3669, 4582, 5388, 6064, 6969, 7972, 9033, 10247, 11081, 12330, 13403, 14592, 15412, 15954, 17703, 18097, 19070, 19600,
40000,26, 1181, 1302, 1618, 1998, 2664, 2927, 4009, 4963, 5602, 6576, 6998, 8501, 8926, 10050, 10567, 12806, 13274, 14639, 14878, 15756, 16190, 17661, 17714, 19547, 20302, 20954,
40000,28, 361, 632, 653, 1064, 2124, 2987, 4563, 5317, 5757, 6636, 7056, 7945, 9492, 9909, 10597, 11069, 13158, 13228, 15019, 15183, 16123, 16888, 17616, 19575, 19686, 21102, 21463, 21770,
40000,30, 166, 359, 728, 1410, 1446, 3474, 4329, 4714, 5296, 6437, 7176, 7783, 8707, 9503, 10465, 11145, 11970, 13019, 14038, 14903, 15882, 17171, 17769, 18459, 19236, 20053, 20856, 21395, 22772, 23138,
40000,32, 128, 268, 420, 931, 1502, 1919, 2305, 4884, 5772, 6197, 6955, 7849, 8390, 9321, 10097, 11020, 12197, 12733, 13735, 14527, 15442, 16353, 17266, 18332, 19620, 20705, 21576, 22241, 22401, 23722, 24018, 24804,
45000,1, 15382,
45000,2, 4388, 16883,
45000,4, 902, 4185, 9700, 15887,
45000,6, 588, 2188, 5144, 8233, 12621, 16763,
45000,8, 325, 1406, 3678, 4556, 9072, 10042, 14974, 17815,
45000,10, 376, 1171, 2352, 4140, 5993, 8194, 9989, 13786, 16021, 19656,
45000,12, 415, 1002, 1938, 3203, 4821, 6456, 8210, 10280, 11836, 14194, 17169, 19777,
45000,14, 306, 670, 1591, 3109, 4152, 4903, 7582, 8715, 9972, 11676, 13946, 16406, 19782, 20176,
45000,16, 528, 914, 1328, 2812, 3406, 4622, 6182, 7845, 9309, 11570, 11858, 14727, 15240, 17226, 19938, 20555,
45000,18, 490, 877, 1413, 2212, 3144, 4243, 5476, 6399, 8079, 9115, 10491, 13071, 13569, 16000, 16901, 18969, 20092, 21371,
45000,20, 413, 735, 1141, 1998, 2963, 3951, 4843, 5701, 7076, 8461, 9726, 11275, 12404, 14078, 15125, 16929, 18202, 20374, 21581, 23166,
45000,22, 658, 951, 1313, 1980, 3114, 3530, 4811, 5897, 6848, 8414, 9391, 10317, 11830, 12619, 14137, 15548, 17111, 18608, 20055, 21051, 24200, 24707,
45000,24, 329, 607, 1053, 1555, 2530, 3567, 3840, 4765, 6485, 7434, 7966, 8631, 9713, 11240, 13301, 14214, 15414, 15932, 19465, 20817, 22477, 22620, 23888, 24643,
45000,26, 250, 489, 681, 1462, 2142, 3030, 3891, 4981, 5603, 6713, 7786, 8728, 10033, 10838, 13440, 14526, 15402, 16478, 19343, 19299, 20172, 22929, 23747, 24167, 24131, 27564,
45000,28, 1353, 1521, 1818, 2743, 4355, 4737, 5654, 6509, 7863, 8553, 9752, 10984, 12514, 13345, 14421, 16060, 16238, 19279, 19529, 21100, 22044, 23873, 23955, 25065, 25603, 28499, 30292, 31449,
45000,30, 890, 1165, 1579, 2340, 3240, 4417, 5357, 6068, 6770, 7852, 8601, 9789, 10364, 11923, 12957, 14092, 15187, 16360, 17538, 18552, 19833, 21291, 22564, 22813, 24444, 25479, 27236, 27784, 29375, 29721,
45000,32, 339, 757, 960, 1274, 1641, 4478, 4711, 6257, 6653, 7666, 8544, 10246, 10869, 11874, 12930, 14437, 15625, 15939, 17204, 19177, 19295, 21528, 22418, 23341, 23997, 26075, 27618, 27653, 29621, 31635, 32322, 32548,
50000,1, 18847,
50000,2, 4945, 20816,
50000,4, 1259, 5875, 12082, 20372,
50000,6, 1006, 3163, 6404, 10626, 15669, 22041,
50000,8, 526, 1910, 4169, 6462, 9305, 13877, 18567, 23585,
50000,10, 419, 1358, 3027, 4754, 6931, 9402, 12352, 15965, 18720, 23284,
50000,12, 372, 1000, 2189, 3509, 5891, 6843, 8873, 12653, 15155, 18479, 22445, 22551,
50000,14, 502, 1102, 2000, 3147, 4946, 5708, 9019, 9154, 11221, 16313, 18404, 21552, 24289, 26881,
50000,16, 408, 828, 1587, 3034, 3870, 5593, 7071, 8966, 10515, 12278, 14174, 16705, 18407, 21556, 24366, 25938,
50000,18, 433, 870, 1638, 2346, 3526, 5676, 7099, 8820, 10567, 11503, 13561, 15051, 17274, 19324, 21516, 24242, 25368, 28866,
50000,20, 499, 936, 1636, 2329, 3244, 4349, 5831, 7191, 9224, 10022, 11381, 13097, 15406, 16900, 20248, 21490, 23266, 25555, 28880, 29877,
50000,22, 396, 726, 1195, 2097, 3150, 3942, 5403, 6531, 7608, 9197, 10900, 13041, 14166, 15606, 17494, 18726, 20685, 22792, 24591, 26417, 29130, 30772,
50000,24, 224, 574, 1028, 1820, 2694, 3838, 5180, 6152, 7198, 8146, 9304, 11367, 15193, 15245, 17570, 19412, 21531, 23051, 23692, 25197, 27375, 28609, 30320, 33712,
50000,26, 580, 907, 1403, 2889, 3991, 4709, 5505, 6801, 7847, 9152, 11147, 12050, 14767, 16670, 17085, 17331, 20136, 20821, 23432, 24769, 26597, 27067, 28175, 30646, 30842, 32351,
50000,28, 278, 570, 1152, 2666, 3470, 4522, 5582, 6376, 7576, 8640, 9973, 11338, 12864, 14468, 15926, 16821, 18325, 20433, 20959, 21960, 24062, 24488, 27982, 30247, 30293, 31926, 31991, 36180,
50000,30, 126, 316, 685, 1674, 2402, 4580, 5362, 6309, 7323, 8791, 9631, 10890, 12138, 13576, 15374, 16557, 17723, 19250, 20182, 24117, 24101, 26104, 27214, 29109, 29743, 31464, 32412, 34565, 35533, 37381,
50000,32, 225, 373, 809, 1305, 2113, 5718, 6146, 6812, 8211, 8719, 10465, 11131, 12233, 13489, 15347, 16883, 17379, 19322, 21419, 22383, 24475, 25504, 26757, 28359, 30032, 33475, 34075, 36440, 36453, 36514, 38825, 40965,
