1000,1, 8,
1000,2, 6, 16,
1000,4, 3, 7, 18, 19,
1000,6, 5, 6, 6, 17, 20, 20,
1000,8, 2, 13, 13, 1, 2, 1, 1, 1,
1000,10, 2, 1, 12, 2, 8, 7, 3, 2, 2, 1,
1000,12, 3, 1, 1, 1, 2, 1, 2, 2, 1, 1, 1, 1,
1000,14, 10, 2, 2, 9, 15, 3, 1, 1, 1, 1, 2, 2, 2, 5,
1000,16, 2, 1, 2, 2, 6, 3, 2, 3, 1, 1, 1, 2, 1, 2, 2, 2,
1000,18, 2, 3, 3, 3, 2, 2, 3, 2, 2, 3, 2, 1, 2, 1, 1, 1, 2, 1,
1000,20, 1, 2, 2, 2, 1, 1, 1, 1, 2, 1, 3, 3, 1, 1, 1, 0, 0, 2, 1, 1,
1000,22, 2, 1, 2, 2, 2, 2, 3, 3, 3, 4, 4, 2, 2, 2, 1, 2, 2, 1, 4, 3, 2, 1,
1000,24, 1, 10, 1, 2, 1, 2, 2, 1, 3, 2, 2, 1, 1, 2, 1, 1, 1, 1, 1, 2, 3, 11, 11, 12,
1000,26, 1, 1, 3, 1, 1, 2, 1, 2, 2, 2, 1, 2, 1, 2, 1, 2, 2, 1, 3, 1, 14, 14, 13, 13, 15, 17,
1000,28, 1, 1, 1, 1, 2, 1, 1, 1, 2, 2, 2, 2, 2, 2, 2, 1, 1, 8, 12, 12, 16, 19, 19, 20, 18, 18, 18, 21,
1000,30, 2, 1, 2, 2, 3, 3, 6, 15, 15, 1, 19, 1, 0, 25, 19, 20, 2, 21, 20, 5, 18, 4, 1, 1, 1, 2, 2, 0, 0, 1,
1000,32, 1, 1, 2, 13, 2, 2, 1, 1, 2, 6, 3, 6, 2, 2, 2, 0, 9, 12, 0, 27, 25, 1, 1, 1, 1, 1, 1, 1, 1, 1, 2, 2,
5000,1, 25,
5000,2, 11, 29,
5000,4, 19, 21, 27, 26,
5000,6, 7, 9, 12, 13, 14, 16,
5000,8, 9, 22, 5, 11, 11, 32, 7, 3,
5000,10, 42, 84, 11, 4, 5, 5, 20, 3, 3, 2,
5000,12, 5, 8, 10, 5, 4, 3, 3, 3, 5, 3, 3, 1,
5000,14, 3, 7, 6, 6, 2, 2, 5, 9, 1, 2, 9, 11, 9, 10,
5000,16, 2, 3, 4, 4, 4, 3, 3, 3, 3, 2, 4, 14, 16, 14, 17, 23,
5000,18, 2, 20, 5, 3, 2, 3, 3, 4, 2, 2, 2, 2, 3, 2, 1, 3, 1, 1,
5000,20, 6, 7, 1, 1, 12, 1, 11, 1, 4, 2, 23, 5, 4, 7, 7, 8, 8, 9, 10, 1,
5000,22, 11, 2, 18, 21, 19, 21, 5, 3, 2, 3, 4, 4, 4, 5, 5, 3, 3, 11, 11, 13, 13, 13,
5000,24, 2, 8, 3, 9, 10, 2, 7, 5, 6, 7, 6, 34, 34, 1, 34, 34, 35, 8, 52, 52, 3, 77, 85, 90,
5000,26, 13, 12, 18, 20, 18, 1, 3, 1, 28, 2, 59, 3, 4, 4, 2, 2, 1, 1, 2, 1, 1, 2, 8, 10, 1, 23,
5000,28, 4, 8, 8, 7, 2, 1, 1, 1, 4, 4, 1, 1, 1, 1, 1, 4, 5, 8, 1, 33, 2, 50, 8, 59, 64, 24, 17, 94,
5000,30, 3, 11, 2, 16, 1, 33, 24, 0, 0, 16, 16, 40, 12, 17, 39, 35, 58, 61, 39, 37, 60, 61, 1, 0, 1, 0, 1, 4, 0, 0,
5000,32, 1, 2, 1, 1, 1, 3, 1, 3, 1, 1, 2, 2, 0, 1, 2, 3, 2, 3, 3, 4, 4, 12, 2, 3, 16, 6, 1, 24, 26, 5, 16, 34,
10000,1, 16,
10000,2, 23, 24,
10000,4, 15, 16, 20, 21,
10000,6, 6, 16, 18, 18, 25, 24,
10000,8, 13, 25, 26, 11, 25, 19, 19, 16,
10000,10, 5, 23, 14, 15, 9, 3, 7, 14, 4, 6,
10000,12, 30, 5, 6, 8, 5, 6, 6, 7, 2, 37, 4, 39,
10000,14, 16, 7, 5, 9, 4, 5, 4, 2, 4, 3, 4, 33, 32, 33,
10000,16, 4, 3, 4, 5, 7, 5, 7, 6, 9, 3, 6, 15, 20, 13, 10, 11,
10000,18, 8, 7, 8, 18, 6, 12, 7, 3, 3, 3, 2, 3, 5, 2, 3, 2, 1, 2,
10000,20, 2, 7, 3, 3, 3, 2, 2, 3, 3, 1, 1, 1, 2, 6, 3, 3, 2, 0, 2, 1,
10000,22, 4, 6, 3, 10, 6, 81, 23, 3, 3, 4, 3, 10, 3, 4, 2, 15, 3, 4, 1, 1, 2, 38,
10000,24, 8, 23, 4, 24, 5, 2, 1, 1, 2, 7, 7, 8, 9, 9, 8, 24, 14, 55, 67, 60, 70, 64, 61, 103,
10000,26, 3, 3, 4, 14, 2, 5, 30, 2, 1, 1, 1, 0, 1, 2, 2, 1, 1, 2, 2, 3, 3, 2, 15, 17, 17, 101,
10000,28, 5, 15, 23, 28, 4, 9, 8, 9, 9, 10, 11, 11, 12, 13, 13, 13, 14, 14, 15, 15, 15, 14, 53, 92, 120, 125, 86, 88,
10000,30, 5, 25, 11, 12, 12, 12, 1, 1, 16, 2, 29, 46, 30, 2, 8, 12, 1, 1, 1, 14, 62, 14, 16, 23, 1, 0, 1, 64, 64, 1,
10000,32, 3, 4, 8, 20, 3, 1, 2, 2, 13, 1, 21, 3, 6, 6, 7, 7, 7, 1, 1, 2, 6, 10, 11, 11, 9, 11, 12, 12, 13, 60, 70, 19,
15000,1, 21,
15000,2, 18, 18,
15000,4, 28, 36, 40, 41,
15000,6, 32, 36, 35, 18, 24, 19,
15000,8, 15, 14, 25, 22, 18, 21, 9, 5,
15000,10, 9, 12, 3, 2, 4, 2, 3, 9, 5, 20,
15000,12, 11, 12, 10, 17, 18, 7, 10, 10, 7, 5, 8, 6,
15000,14, 23, 30, 13, 10, 26, 10, 5, 6, 5, 6, 8, 7, 8, 4,
15000,16, 43, 50, 53, 9, 8, 5, 6, 5, 10, 21, 17, 16, 12, 25, 24, 2,
15000,18, 8, 10, 7, 10, 25, 7, 5, 7, 11, 7, 5, 3, 4, 6, 3, 2, 3, 6,
15000,20, 21, 16, 23, 7, 9, 9, 3, 3, 6, 2, 8, 11, 2, 4, 3, 1, 1, 3, 3, 3,
15000,22, 17, 13, 13, 13, 15, 16, 17, 22, 22, 22, 28, 22, 22, 30, 30, 31, 37, 31, 29, 38, 34, 41,
15000,24, 5, 56, 19, 8, 5, 3, 4, 2, 5, 3, 1, 4, 5, 6, 6, 16, 14, 0, 4, 21, 21, 21, 26, 28,
15000,26, 14, 35, 11, 7, 21, 8, 9, 10, 9, 10, 12, 12, 13, 13, 12, 14, 14, 15, 16, 18, 19, 19, 18, 19, 32, 36,
15000,28, 18, 3, 22, 4, 24, 8, 47, 26, 25, 18, 38, 26, 7, 11, 11, 12, 2, 12, 13, 19, 24, 23, 32, 99, 8, 10, 9, 117,
15000,30, 3, 3, 3, 2, 2, 3, 3, 3, 2, 2, 1, 2, 1, 1, 1, 1, 0, 0, 1, 1, 1, 1, 15, 15, 17, 17, 12, 150, 72, 107,
15000,32, 9, 9, 8, 8, 9, 9, 11, 12, 16, 13, 29, 29, 28, 33, 32, 30, 47, 47, 48, 49, 47, 49, 50, 48, 48, 50, 49, 49, 52, 48, 50, 49,
20000,1, 19,
20000,2, 56, 64,
20000,4, 18, 24, 21, 28,
20000,6, 12, 38, 42, 42, 42, 43,
20000,8, 16, 14, 17, 19, 13, 17, 23, 25,
20000,10, 20, 17, 41, 28, 33, 20, 41, 15, 21, 20,
20000,12, 9, 16, 17, 22, 11, 12, 10, 6, 10, 9, 3, 7,
20000,14, 8, 6, 7, 2, 9, 12, 22, 50, 1, 3, 3, 1, 1, 1,
20000,16, 20, 15, 14, 11, 17, 12, 15, 12, 12, 14, 6, 2, 16, 8, 19, 30,
20000,18, 18, 51, 48, 65, 13, 17, 11, 11, 11, 9, 3, 20, 4, 12, 15, 1, 3, 1,
20000,20, 128, 22, 17, 64, 6, 29, 21, 27, 19, 13, 44, 7, 15, 18, 40, 32, 3, 11, 2, 8,
20000,22, 45, 12, 20, 6, 9, 7, 2, 13, 4, 5, 4, 1, 2, 4, 2, 5, 5, 17, 9, 16, 38, 109,
20000,24, 10, 9, 11, 4, 8, 11, 2, 3, 10, 3, 3, 13, 1, 7, 12, 3, 3, 3, 3, 1, 2, 2, 11, 5,
20000,26, 43, 54, 57, 8, 10, 62, 9, 84, 13, 5, 7, 7, 2, 27, 12, 7, 1, 1, 1, 6, 6, 5, 9, 7, 7, 6,
20000,28, 7, 4, 6, 48, 2, 8, 2, 4, 6, 8, 11, 0, 22, 4, 3, 5, 92, 2, 13, 14, 9, 10, 11, 11, 12, 12, 77, 62,
20000,30, 6, 7, 8, 4, 2, 11, 12, 19, 19, 19, 17, 17, 22, 23, 23, 21, 21, 20, 50, 93, 158, 180, 182, 181, 11, 194, 194, 231, 257, 254,
20000,32, 5, 27, 11, 12, 12, 33, 2, 34, 6, 22, 23, 23, 24, 25, 26, 48, 52, 51, 53, 55, 54, 52, 42, 12, 13, 14, 12, 14, 12, 2, 15, 12,
25000,1, 40,
25000,2, 32, 35,
25000,4, 30, 34, 36, 37,
25000,6, 34, 30, 34, 35, 41, 28,
25000,8, 17, 59, 48, 51, 20, 56, 66, 67,
25000,10, 20, 24, 26, 17, 17, 19, 19, 19, 12, 7,
25000,12, 24, 10, 14, 16, 24, 26, 15, 15, 18, 12, 13, 5,
25000,14, 41, 11, 30, 13, 13, 19, 19, 18, 5, 7, 6, 15, 11, 11,
25000,16, 17, 27, 19, 9, 8, 10, 6, 6, 9, 12, 7, 35, 41, 15, 3, 20,
25000,18, 12, 8, 11, 42, 11, 8, 7, 13, 6, 9, 4, 17, 7, 6, 16, 13, 15, 99,
25000,20, 23, 12, 12, 13, 13, 5, 11, 19, 20, 11, 12, 11, 1, 1, 3, 16, 6, 25, 36, 11,
25000,22, 9, 3, 10, 10, 3, 4, 2, 2, 1, 2, 2, 1, 1, 3, 1, 2, 0, 1, 0, 7, 1, 2,
25000,24, 9, 6, 12, 17, 21, 37, 28, 1, 2, 1, 2, 2, 0, 3, 2, 0, 0, 3, 4, 6, 5, 9, 3, 11,
25000,26, 22, 35, 13, 4, 4, 13, 5, 12, 12, 14, 14, 17, 21, 19, 22, 5, 49, 25, 49, 49, 46, 50, 14, 16, 18, 21,
25000,28, 13, 15, 65, 28, 28, 30, 28, 29, 31, 22, 39, 17, 61, 48, 98, 162, 82, 102, 102, 105, 105, 106, 110, 111, 111, 108, 105, 153,
25000,30, 130, 29, 21, 42, 21, 21, 70, 15, 17, 17, 17, 19, 19, 20, 22, 22, 22, 37, 27, 37, 29, 35, 34, 29, 51, 32, 62, 62, 157, 179,
25000,32, 30, 4, 18, 10, 5, 5, 5, 3, 36, 2, 16, 1, 0, 14, 16, 17, 18, 16, 17, 18, 19, 21, 21, 71, 67, 24, 22, 114, 115, 115, 115, 121,
30000,1, 41,
30000,2, 61, 63,
30000,4, 46, 54, 56, 57,
30000,6, 35, 43, 64, 65, 66, 69,
30000,8, 48, 22, 40, 18, 52, 44, 31, 5,
30000,10, 17, 10, 41, 40, 27, 15, 20, 42, 54, 60,
30000,12, 107, 26, 23, 25, 23, 18, 16, 13, 20, 16, 8, 8,
30000,14, 50, 26, 19, 13, 14, 11, 7, 14, 21, 44, 23, 52, 20, 50,
30000,16, 34, 15, 13, 6, 5, 5, 6, 5, 5, 5, 2, 5, 6, 5, 4, 3,
30000,18, 22, 8, 2, 2, 1, 1, 1, 1, 1, 4, 1, 1, 2, 6, 7, 19, 16, 34,
30000,20, 6, 16, 16, 13, 21, 30, 32, 33, 167, 151, 24, 173, 61, 37, 75, 204, 126, 91, 28, 128,
30000,22, 22, 8, 7, 13, 13, 38, 7, 15, 9, 9, 9, 5, 7, 2, 4, 28, 32, 46, 53, 40, 39, 121,
30000,24, 11, 11, 10, 8, 12, 8, 15, 5, 4, 11, 6, 7, 9, 6, 8, 5, 4, 3, 4, 8, 3, 1, 24, 12,
30000,26, 26, 6, 29, 40, 20, 48, 28, 10, 5, 12, 13, 14, 16, 16, 5, 13, 19, 19, 20, 24, 24, 25, 42, 48, 44, 52,
30000,28, 34, 110, 106, 107, 101, 132, 102, 92, 101, 88, 85, 80, 123, 122, 81, 128, 124, 67, 74, 67, 68, 61, 82, 82, 83, 26, 14, 6,
30000,30, 8, 13, 20, 20, 21, 25, 28, 2, 11, 2, 11, 9, 13, 20, 21, 23, 8, 31, 7, 8, 33, 4, 36, 86, 43, 52, 26, 33, 33, 95,
30000,32, 19, 18, 24, 46, 1, 1, 8, 2, 4, 4, 9, 9, 10, 11, 12, 15, 21, 22, 24, 24, 24, 26, 38, 40, 41, 43, 48, 70, 172, 176, 191, 192,
35000,1, 28,
35000,2, 30, 31,
35000,4, 39, 38, 40, 41,
35000,6, 44, 56, 53, 53, 56, 65,
35000,8, 45, 47, 53, 17, 20, 18, 16, 17,
35000,10, 53, 18, 35, 42, 18, 22, 25, 24, 27, 28,
35000,12, 63, 41, 34, 21, 39, 10, 20, 6, 7, 19, 6, 15,
35000,14, 30, 22, 21, 10, 21, 23, 21, 14, 27, 27, 10, 16, 23, 24,
35000,16, 37, 40, 20, 43, 17, 10, 7, 12, 9, 25, 8, 29, 4, 54, 60, 47,
35000,18, 21, 35, 44, 23, 29, 80, 13, 12, 16, 8, 4, 9, 46, 9, 19, 33, 50, 28,
35000,20, 44, 82, 24, 24, 19, 11, 11, 7, 12, 15, 22, 17, 18, 81, 65, 9, 10, 18, 28, 20,
35000,22, 14, 11, 9, 13, 9, 13, 18, 30, 31, 5, 23, 25, 10, 18, 39, 64, 75, 77, 78, 72, 73, 76,
35000,24, 55, 14, 23, 27, 18, 10, 14, 27, 5, 6, 12, 12, 18, 2, 34, 39, 17, 43, 58, 79, 43, 84, 79, 96,
35000,26, 7, 8, 9, 10, 5, 8, 9, 4, 8, 4, 15, 17, 19, 19, 22, 22, 25, 24, 27, 31, 31, 32, 43, 34, 43, 45,
35000,28, 17, 23, 9, 8, 3, 3, 6, 2, 5, 1, 1, 0, 2, 2, 2, 13, 13, 13, 14, 18, 17, 21, 72, 80, 82, 19, 84, 148,
35000,30, 6, 17, 6, 13, 92, 69, 56, 36, 38, 6, 53, 54, 54, 50, 102, 24, 21, 48, 8, 20, 20, 69, 65, 56, 70, 69, 21, 109, 96, 1,
35000,32, 27, 26, 66, 44, 20, 27, 20, 23, 31, 30, 12, 6, 34, 34, 25, 36, 36, 208, 24, 208, 148, 205, 26, 3, 12, 13, 16, 20, 17, 25, 25, 83,
40000,1, 42,
40000,2, 31, 31,
40000,4, 39, 40, 41, 43,
40000,6, 41, 45, 46, 45, 50, 49,
40000,8, 20, 12, 23, 30, 119, 128, 141, 136,
40000,10, 30, 48, 58, 53, 39, 32, 23, 14, 22, 9,
40000,12, 38, 50, 31, 58, 21, 74, 20, 23, 18, 14, 43, 36,
40000,14, 77, 19, 50, 44, 33, 37, 11, 16, 17, 16, 18, 9, 9, 9,
40000,16, 52, 27, 15, 15, 19, 24, 15, 20, 20, 16, 25, 6, 31, 11, 17, 22,
40000,18, 28, 23, 13, 16, 11, 3, 1, 3, 20, 6, 13, 13, 9, 23, 24, 24, 28, 1,
40000,20, 88, 90, 5, 33, 3, 3, 6, 6, 6, 6, 5, 7, 7, 10, 5, 2, 18, 1, 2, 38,
40000,22, 6, 27, 9, 10, 5, 8, 20, 4, 2, 20, 2, 11, 24, 15, 4, 2, 4, 11, 7, 14, 2, 3,
40000,24, 27, 14, 16, 5, 37, 30, 12, 13, 13, 15, 15, 16, 19, 20, 20, 20, 21, 19, 104, 127, 127, 133, 132, 121,
40000,26, 79, 20, 29, 68, 70, 28, 36, 74, 42, 39, 14, 14, 16, 17, 16, 18, 18, 21, 22, 22, 22, 23, 33, 32, 33, 123,
40000,28, 14, 14, 10, 19, 8, 9, 7, 10, 19, 2, 62, 65, 67, 76, 77, 80, 74, 76, 81, 92, 95, 102, 104, 103, 111, 124, 79, 127,
40000,30, 8, 41, 45, 35, 27, 27, 36, 14, 29, 35, 45, 3, 2, 24, 1, 19, 19, 19, 22, 22, 48, 53, 52, 57, 63, 56, 82, 86, 89, 89,
40000,32, 34, 15, 16, 16, 5, 2, 53, 57, 58, 39, 38, 39, 54, 42, 62, 27, 28, 15, 52, 39, 61, 63, 63, 65, 7, 7, 12, 11, 41, 2, 3, 3,
45000,1, 44,
45000,2, 38, 38,
45000,4, 17, 46, 51, 50,
45000,6, 18, 44, 41, 41, 42, 52,
45000,8, 28, 47, 42, 47, 48, 52, 51, 56,
45000,10, 41, 53, 22, 23, 6, 22, 16, 16, 16, 11,
45000,12, 37, 47, 43, 24, 24, 44, 35, 23, 22, 11, 12, 25,
45000,14, 26, 18, 58, 40, 80, 31, 31, 32, 26, 21, 31, 30, 20, 32,
45000,16, 61, 31, 66, 9, 14, 6, 13, 4, 5, 14, 9, 2, 12, 17, 19, 3,
45000,18, 28, 67, 24, 27, 37, 14, 17, 23, 30, 23, 63, 22, 40, 27, 13, 33, 16, 9,
45000,20, 35, 36, 49, 31, 60, 22, 25, 26, 12, 16, 38, 13, 23, 17, 9, 3, 4, 11, 5, 3,
45000,22, 28, 22, 36, 15, 18, 8, 15, 9, 19, 20, 20, 21, 21, 38, 38, 32, 120, 123, 128, 22, 126, 125,
45000,24, 18, 16, 18, 13, 9, 26, 11, 7, 5, 21, 21, 22, 23, 26, 29, 33, 46, 63, 90, 90, 39, 189, 175, 224,
45000,26, 94, 95, 91, 15, 23, 28, 28, 8, 25, 6, 8, 31, 44, 22, 21, 21, 21, 42, 51, 48, 47, 50, 49, 73, 40, 139,
45000,28, 37, 3, 18, 5, 86, 147, 149, 34, 3, 5, 5, 1, 1, 16, 5, 6, 7, 9, 3, 4, 20, 19, 19, 1, 120, 43, 46, 118,
45000,30, 16, 29, 24, 33, 33, 28, 22, 50, 23, 37, 53, 40, 36, 47, 60, 33, 55, 95, 117, 101, 131, 3, 72, 18, 31, 31, 47, 43, 87, 249,
45000,32, 9, 6, 5, 15, 5, 2, 4, 2, 2, 9, 14, 14, 14, 14, 24, 25, 28, 28, 37, 32, 40, 47, 53, 55, 58, 184, 63, 42, 193, 36, 203, 207,
50000,1, 41,
50000,2, 40, 41,
50000,4, 35, 35, 45, 49,
50000,6, 43, 45, 46, 50, 52, 57,
50000,8, 42, 74, 34, 36, 47, 27, 28, 17,
50000,10, 33, 33, 59, 68, 86, 34, 38, 16, 22, 22,
50000,12, 30, 37, 43, 62, 71, 76, 81, 81, 82, 81, 87, 84,
50000,14, 60, 74, 83, 87, 81, 87, 38, 26, 26, 31, 23, 23, 15, 19,
50000,16, 52, 29, 32, 22, 27, 36, 40, 32, 27, 27, 17, 18, 17, 4, 4, 3,
50000,18, 15, 12, 13, 13, 12, 8, 7, 9, 9, 18, 11, 13, 13, 128, 11, 10, 6, 5,
50000,20, 48, 79, 92, 25, 24, 30, 36, 57, 58, 17, 48, 24, 26, 20, 15, 6, 5, 3, 10, 4,
50000,22, 17, 43, 40, 88, 4, 4, 23, 46, 38, 43, 53, 42, 38, 39, 56, 15, 4, 17, 25, 23, 26, 27,
50000,24, 28, 7, 8, 6, 9, 2, 1, 46, 47, 11, 29, 14, 14, 45, 41, 36, 34, 11, 3, 6, 2, 3, 7, 50,
50000,26, 23, 6, 7, 5, 22, 3, 46, 25, 17, 22, 33, 24, 33, 10, 70, 13, 40, 4, 42, 42, 21, 42, 43, 6, 2, 7,
50000,28, 11, 19, 39, 17, 35, 51, 52, 52, 41, 17, 60, 67, 68, 68, 69, 68, 70, 65, 72, 70, 71, 72, 67, 110, 2, 62, 199, 134,
50000,30, 33, 38, 15, 3, 47, 47, 9, 49, 8, 52, 1, 39, 41, 57, 57, 47, 50, 52, 54, 55, 57, 56, 58, 58, 59, 59, 61, 61, 62, 65,
50000,32, 24, 24, 31, 35, 43, 45, 48, 49, 53, 53, 56, 51, 49, 55, 52, 55, 57, 56, 57, 59, 15, 14, 14, 2, 16, 21, 29, 23, 21, 26, 25, 74,
